# Structure from AMCSD, AMS_ID: 11157          Feff8L (EXAFS)       0.1
# Mineral Name: Platinum
# Journal: Crystal Structures 1, pp. 7-83 (1963)
# Authors: Wyckoff R W G
# Title1:  Second edition. Interscience Publishers, New York, New York
# Title2:  Cubic closest packed, ccp, structure
# Formula:    Pt
# SpaceGroup: Fm-3m
# # sites:    1
# POT  Non-SCF, core-hole, AFOLP (folp(0)= 1.150)
# Abs   Z=78 Rmt= 1.463 Rnm= 1.499 L3 shell
# Pot 1 Z=78 Rmt= 1.477 Rnm= 1.515
# Gam_ch=5.171E+00 H-L exch
# Mu=-2.659E-01 kf=2.036E+00 Vint=-1.605E+01 Rs_int= 1.782
# PATH  Rmax= 7.000,  Keep_limit= 0.00, Heap_limit 0.00  Pwcrit= 2.50%
#  S02=1.000                                        Global_sig2= 0.00000
#  Curved wave amplitude ratio filter   4.000%
#     file         sig2 tot  cw amp ratio   deg  nlegs   reff  inp sig2
#           1       0.00000    100.00     12.00     2   2.7741
#           2       0.00000     25.11      6.00     2   3.9231
#           3       0.00000     14.85     48.00     3   4.1611
#           4       0.00000      5.82     48.00     3   4.7356
#           5       0.00000     60.00     24.00     2   4.8048
#           6       0.00000     10.35     48.00     3   5.1764
#           7       0.00000     32.15     96.00     3   5.1764
#           8       0.00000     19.97     12.00     2   5.5481
#           9       0.00000      8.20     12.00     3   5.5481
#          10       0.00000     86.27     24.00     3   5.5481
#          11       0.00000     14.99     12.00     4   5.5481
#          13       0.00000      4.82     48.00     4   5.5481
#          14       0.00000     97.24     12.00     4   5.5481
#          15       0.00000      5.06     48.00     4   5.5481
#          16       0.00000      9.79     48.00     4   5.5481
#          19       0.00000     28.51     24.00     2   6.2030
#          20       0.00000      4.54     48.00     3   6.4501
#          21       0.00000      9.56     48.00     3   6.4501
#          22       0.00000     11.38     48.00     3   6.4501
#          23       0.00000      4.04     96.00     3   6.5635
#          24       0.00000      8.96     96.00     4   6.5635
#          25       0.00000      5.80     96.00     4   6.5635
#          28       0.00000      7.12      8.00     2   6.7950
#    23/  25 paths used
#  -----------------------------------------------------------------------
#       k          chi          mag           phase @#
     0.0000   -7.730828E-02  9.686497E-02 -2.217451E+00
     0.0500   -7.666559E-02  9.547453E-02 -2.209289E+00
     0.1000   -7.600684E-02  9.408563E-02 -2.201102E+00
     0.1500   -7.393545E-02  8.996108E-02 -2.176924E+00
     0.2000   -7.172966E-02  8.585147E-02 -2.152534E+00
     0.2500   -6.777666E-02  7.913067E-02 -2.113112E+00
     0.3000   -6.350550E-02  7.245758E-02 -2.073152E+00
     0.3500   -5.708887E-02  6.338381E-02 -2.020248E+00
     0.4000   -5.021109E-02  5.441991E-02 -1.966669E+00
     0.4500   -4.108286E-02  4.349241E-02 -1.905224E+00
     0.5000   -3.155046E-02  3.278715E-02 -1.846326E+00
     0.5500   -1.968671E-02  2.025159E-02 -1.807541E+00
     0.6000   -7.803442E-03  8.208531E-03 -1.886267E+00
     0.6500    5.437207E-03  6.177706E-03 -4.217736E+00
     0.7000    1.786457E-02  1.875358E-02 -4.403249E+00
     0.7500    3.011377E-02  3.240650E-02 -4.333973E+00
     0.8000    4.034740E-02  4.527710E-02 -4.241404E+00
     0.8500    4.836711E-02  5.832363E-02 -4.119426E+00
     0.9000    5.311019E-02  7.030570E-02 -3.997884E+00
     0.9500    5.375496E-02  8.185385E-02 -3.858052E+00
     1.0000    5.036304E-02  9.207406E-02 -3.720350E+00
     1.0500    4.184105E-02  1.012629E-01 -3.567550E+00
     1.1000    2.962454E-02  1.088853E-01 -3.417137E+00
     1.1500    1.287362E-02  1.149855E-01 -3.253786E+00
     1.2000   -5.785583E-03  1.193473E-01 -3.093097E+00
     1.2500   -2.658801E-02  1.218541E-01 -2.921628E+00
     1.3000   -4.638111E-02  1.225654E-01 -2.753505E+00
     1.3500   -6.500543E-02  1.213394E-01 -2.576218E+00
     1.4000   -7.966572E-02  1.184287E-01 -2.403755E+00
     1.4500   -9.028009E-02  1.137660E-01 -2.224956E+00
     1.5000   -9.540762E-02  1.077353E-01 -2.053864E+00
     1.5500   -9.568322E-02  1.004510E-01 -1.880130E+00
     1.6000   -9.133711E-02  9.235454E-02 -1.719368E+00
     1.6500   -8.380368E-02  8.380748E-02 -1.561275E+00
     1.7000   -7.445577E-02  7.525871E-02 -1.424591E+00
     1.7500   -6.482032E-02  6.735573E-02 -1.295549E+00
     1.8000   -5.621675E-02  6.041739E-02 -1.195702E+00
     1.8500   -4.900141E-02  5.493674E-02 -1.101663E+00
     1.9000   -4.380949E-02  5.111320E-02 -1.029627E+00
     1.9500   -3.937300E-02  4.888308E-02 -9.364386E-01
     2.0000   -3.568815E-02  4.790820E-02 -8.404266E-01
     2.0500   -2.973552E-02  4.753596E-02 -6.758200E-01
     2.1000   -2.265147E-02  4.725866E-02 -4.998666E-01
     2.1500   -1.456630E-02  4.687358E-02 -3.159896E-01
     2.2000   -5.937860E-03  4.629907E-02 -1.286043E-01
     2.2500    6.158140E-03  4.474942E-02  1.380519E-01
     2.3000    1.669331E-02  4.298458E-02  3.988467E-01
     2.3500    2.492560E-02  4.120429E-02  6.496744E-01
     2.4000    3.079594E-02  3.967111E-02  8.887452E-01
     2.4500    3.611362E-02  3.859442E-02  1.210299E+00
     2.5000    3.748647E-02  3.753857E-02  1.518105E+00
     2.5500    3.566076E-02  3.674410E-02  1.814228E+00
     2.6000    3.135475E-02  3.639887E-02  2.103532E+00
     2.6500    2.599511E-02  3.797288E-02  2.387578E+00
     2.7000    1.774380E-02  3.981247E-02  2.679654E+00
     2.7500    6.729349E-03  4.182765E-02  2.980008E+00
     2.8000   -6.415389E-03  4.392652E-02  3.288165E+00
     2.8500   -2.084768E-02  4.812359E-02  3.589645E+00
     2.9000   -3.567675E-02  5.213122E-02  3.895324E+00
     2.9500   -4.878021E-02  5.585467E-02  4.203613E+00
     3.0000   -5.803592E-02  5.920746E-02  4.513127E+00
     3.0500   -6.231289E-02  6.261595E-02  4.810815E+00
     3.1000   -6.034429E-02  6.539147E-02  5.107858E+00
     3.1500   -5.204267E-02  6.749790E-02  5.402734E+00
     3.2000   -3.830125E-02  6.892754E-02  5.694012E+00
     3.2500   -2.124465E-02  6.957220E-02  5.972868E+00
     3.3000   -2.434098E-03  6.953463E-02  6.248173E+00
     3.3500    1.604344E-02  6.886248E-02  6.518324E+00
     3.4000    3.233707E-02  6.763659E-02  6.781676E+00
     3.4500    4.503215E-02  6.588925E-02  7.035667E+00
     3.5000    5.361195E-02  6.373473E-02  7.282634E+00
     3.5500    5.791393E-02  6.128983E-02  7.520533E+00
     3.6000    5.837388E-02  5.870734E-02  7.747348E+00
     3.6500    5.538159E-02  5.578906E-02  7.974917E+00
     3.7000    4.973173E-02  5.260231E-02  8.185871E+00
     3.7500    4.311279E-02  4.977159E-02  8.377205E+00
     3.8000    3.646511E-02  4.771165E-02  8.554852E+00
     3.8500    2.915209E-02  4.575463E-02  8.733997E+00
     3.9000    2.217281E-02  4.429878E-02  8.900569E+00
     3.9500    1.562306E-02  4.353907E-02  9.057765E+00
     4.0000    9.222773E-03  4.360694E-02  9.211671E+00
     4.0500    2.102736E-03  4.382729E-02  9.376782E+00
     4.1000   -5.559541E-03  4.465097E-02  9.549613E+00
     4.1500   -1.399253E-02  4.596493E-02  9.734105E+00
     4.2000   -2.314975E-02  4.761462E-02  9.932502E+00
     4.2500   -3.241164E-02  4.914760E-02  1.014490E+01
     4.3000   -4.103389E-02  5.063981E-02  1.036946E+01
     4.3500   -4.806324E-02  5.197343E-02  1.060520E+01
     4.4000   -5.249160E-02  5.304494E-02  1.085101E+01
     4.4500   -5.317172E-02  5.348460E-02  1.110379E+01
     4.5000   -4.988955E-02  5.346414E-02  1.136332E+01
     4.5500   -4.268619E-02  5.294581E-02  1.162863E+01
     4.6000   -3.213085E-02  5.190491E-02  1.189886E+01
     4.6500   -1.955418E-02  5.021535E-02  1.216638E+01
     4.7000   -6.247957E-03  4.799952E-02  1.243583E+01
     4.7500    6.310313E-03  4.528751E-02  1.270616E+01
     4.8000    1.678054E-02  4.212360E-02  1.297610E+01
     4.8500    2.383876E-02  3.861323E-02  1.323177E+01
     4.9000    2.758875E-02  3.479407E-02  1.348195E+01
     4.9500    2.816161E-02  3.076153E-02  1.372307E+01
     5.0000    2.616731E-02  2.663341E-02  1.394981E+01
     5.0500    2.280430E-02  2.280461E-02  1.414239E+01
     5.1000    1.887721E-02  1.912424E-02  1.429807E+01
     5.1500    1.533456E-02  1.586983E-02  1.439763E+01
     5.2000    1.288690E-02  1.342869E-02  1.442219E+01
     5.2500    1.185661E-02  1.215529E-02  1.435931E+01
     5.3000    1.240437E-02  1.253485E-02  1.428158E+01
     5.3500    1.414548E-02  1.427584E-02  1.427241E+01
     5.4000    1.640269E-02  1.677982E-02  1.434958E+01
     5.4500    1.895114E-02  2.014161E-02  1.448270E+01
     5.5000    2.043965E-02  2.363175E-02  1.466297E+01
     5.5500    2.006968E-02  2.706478E-02  1.487260E+01
     5.6000    1.728992E-02  3.032233E-02  1.510121E+01
     5.6500    1.155160E-02  3.395758E-02  1.536086E+01
     5.7000    2.949297E-03  3.732969E-02  1.562887E+01
     5.7500   -7.831638E-03  4.035043E-02  1.590329E+01
     5.8000   -1.962312E-02  4.293066E-02  1.618268E+01
     5.8500   -3.162632E-02  4.518125E-02  1.648334E+01
     5.9000   -4.128091E-02  4.685068E-02  1.678618E+01
     5.9500   -4.701560E-02  4.786143E-02  1.709048E+01
     6.0000   -4.782131E-02  4.814877E-02  1.739545E+01
     6.0500   -4.292647E-02  4.742244E-02  1.771772E+01
     6.1000   -3.333935E-02  4.596046E-02  1.803795E+01
     6.1500   -2.077426E-02  4.376586E-02  1.835497E+01
     6.2000   -7.415548E-03  4.086107E-02  1.866706E+01
     6.2500    4.540236E-03  3.729144E-02  1.897161E+01
     6.3000    1.335135E-02  3.313065E-02  1.926434E+01
     6.3500    1.809740E-02  2.849078E-02  1.953783E+01
     6.4000    1.885449E-02  2.354527E-02  1.977815E+01
     6.4500    1.663120E-02  1.858917E-02  1.995725E+01
     6.5000    1.307689E-02  1.420612E-02  2.001894E+01
     6.5500    1.027122E-02  1.170561E-02  1.992010E+01
     6.6000    9.545010E-03  1.219087E-02  1.974897E+01
     6.6500    1.157943E-02  1.518906E-02  1.971650E+01
     6.7000    1.610329E-02  1.929550E-02  1.983689E+01
     6.7500    2.198525E-02  2.362742E-02  2.004532E+01
     6.8000    2.755484E-02  2.775642E-02  2.029976E+01
     6.8500    3.106215E-02  3.145500E-02  2.057856E+01
     6.9000    3.114867E-02  3.458865E-02  2.087012E+01
     6.9500    2.720023E-02  3.707731E-02  2.116753E+01
     7.0000    1.948879E-02  3.888194E-02  2.146613E+01
     7.0500    8.729570E-03  3.982898E-02  2.177018E+01
     7.1000   -3.187470E-03  4.013832E-02  2.207064E+01
     7.1500   -1.454384E-02  3.985441E-02  2.236470E+01
     7.2000   -2.388765E-02  3.905788E-02  2.264922E+01
     7.2500   -3.035214E-02  3.787364E-02  2.292079E+01
     7.3000   -3.379287E-02  3.647704E-02  2.317592E+01
     7.3500   -3.469921E-02  3.509371E-02  2.341186E+01
     7.4000   -3.391160E-02  3.398552E-02  2.362791E+01
     7.4500   -3.224625E-02  3.341417E-02  2.382712E+01
     7.5000   -3.016464E-02  3.358271E-02  2.401704E+01
     7.5500   -2.707853E-02  3.414350E-02  2.421689E+01
     7.6000   -2.306702E-02  3.543148E-02  2.442380E+01
     7.6500   -1.751565E-02  3.734887E-02  2.464461E+01
     7.7000   -9.824687E-03  3.973384E-02  2.488289E+01
     7.7500    2.733466E-04  4.239853E-02  2.513919E+01
     7.8000    1.245592E-02  4.515681E-02  2.541220E+01
     7.8500    2.569606E-02  4.783856E-02  2.569979E+01
     7.9000    3.834085E-02  5.029459E-02  2.599964E+01
     7.9500    4.838413E-02  5.239682E-02  2.630963E+01
     8.0000    5.388249E-02  5.403698E-02  2.662790E+01
     8.0500    5.322929E-02  5.499673E-02  2.695775E+01
     8.1000    4.599439E-02  5.534079E-02  2.729323E+01
     8.1500    3.290497E-02  5.501257E-02  2.763316E+01
     8.2000    1.584264E-02  5.397240E-02  2.797641E+01
     8.2500   -2.478655E-03  5.219822E-02  2.832184E+01
     8.3000   -1.906537E-02  4.968672E-02  2.866815E+01
     8.3500   -3.130404E-02  4.645472E-02  2.901376E+01
     8.4000   -3.756286E-02  4.254089E-02  2.935651E+01
     8.4500   -3.757069E-02  3.800858E-02  2.969319E+01
     8.5000   -3.245724E-02  3.295112E-02  3.001848E+01
     8.5500   -2.435519E-02  2.750692E-02  3.032853E+01
     8.6000   -1.598415E-02  2.189381E-02  3.059749E+01
     8.6500   -9.775932E-03  1.651412E-02  3.078242E+01
     8.7000   -7.128575E-03  1.226910E-02  3.079595E+01
     8.7500   -8.006390E-03  1.096349E-02  3.059720E+01
     8.8000   -1.098001E-02  1.349066E-02  3.046510E+01
     8.8500   -1.370626E-02  1.813635E-02  3.055915E+01
     8.9000   -1.371071E-02  2.339274E-02  3.078968E+01
     8.9500   -9.236198E-03  2.859205E-02  3.108699E+01
     9.0000    1.072441E-04  3.341397E-02  3.141914E+01
     9.0500    1.343742E-02  3.779014E-02  3.177946E+01
     9.1000    2.783636E-02  4.147964E-02  3.215160E+01
     9.1500    3.986443E-02  4.438968E-02  3.253126E+01
     9.2000    4.634117E-02  4.645796E-02  3.291580E+01
     9.2500    4.527943E-02  4.764975E-02  3.330346E+01
     9.3000    3.648494E-02  4.795632E-02  3.369298E+01
     9.3500    2.163949E-02  4.739366E-02  3.408336E+01
     9.4000    3.848260E-03  4.600086E-02  3.447377E+01
     9.4500   -1.320232E-02  4.383794E-02  3.486343E+01
     9.5000   -2.621579E-02  4.098312E-02  3.525159E+01
     9.5500   -3.326833E-02  3.763135E-02  3.564200E+01
     9.6000   -3.355671E-02  3.372261E-02  3.602908E+01
     9.6500   -2.819495E-02  2.936394E-02  3.641143E+01
     9.7000   -1.951063E-02  2.466861E-02  3.678682E+01
     9.7500   -1.028885E-02  1.975277E-02  3.715123E+01
     9.8000   -2.974802E-03  1.473456E-02  3.749582E+01
     9.8500    9.333872E-04  9.744079E-03  3.779505E+01
     9.9000    1.154558E-03  5.014255E-03  3.793145E+01
     9.9500   -1.470332E-03  2.373294E-03  3.703097E+01
    10.0000   -5.355007E-03  5.635685E-03  3.644525E+01
    10.0500   -8.916464E-03  1.010573E-02  3.661835E+01
    10.1000   -1.031461E-02  1.454469E-02  3.691080E+01
    10.1500   -8.421211E-03  1.882802E-02  3.723540E+01
    10.2000   -2.904145E-03  2.292549E-02  3.757209E+01
    10.2500    5.727890E-03  2.682972E-02  3.791426E+01
    10.3000    1.623054E-02  3.053998E-02  3.825943E+01
    10.3500    2.683607E-02  3.405402E-02  3.860674E+01
    10.4000    3.553706E-02  3.736247E-02  3.895603E+01
    10.4500    4.041667E-02  4.044513E-02  3.930743E+01
    10.5000    4.000030E-02  4.326926E-02  3.966111E+01
    10.5500    3.358754E-02  4.578987E-02  4.001723E+01
    10.6000    2.149928E-02  4.795189E-02  4.037578E+01
    10.6500    5.161383E-03  4.969380E-02  4.073665E+01
    10.7000   -1.304090E-02  5.095223E-02  4.109953E+01
    10.7500   -3.015610E-02  5.166713E-02  4.146393E+01
    10.8000   -4.325283E-02  5.178690E-02  4.182922E+01
    10.8500   -5.007099E-02  5.127335E-02  4.219451E+01
    10.9000   -4.956408E-02  5.010611E-02  4.255872E+01
    10.9500   -4.216677E-02  4.828656E-02  4.292044E+01
    11.0000   -2.968833E-02  4.584126E-02  4.327782E+01
    11.0500   -1.498107E-02  4.293041E-02  4.362583E+01
    11.1000   -7.337550E-04  3.944866E-02  4.396370E+01
    11.1500    1.062377E-02  3.552068E-02  4.428603E+01
    11.2000    1.775608E-02  3.132899E-02  4.458487E+01
    11.2500    2.067458E-02  2.713669E-02  4.484849E+01
    11.3000    2.055933E-02  2.332240E-02  4.506138E+01
    11.3500    1.921695E-02  2.040589E-02  4.521005E+01
    11.4000    1.836631E-02  1.895971E-02  4.530225E+01
    11.4500    1.900171E-02  1.927595E-02  4.538421E+01
    11.5000    2.105331E-02  2.107245E-02  4.551047E+01
    11.5500    2.345673E-02  2.371297E-02  4.570024E+01
    11.6000    2.459545E-02  2.659842E-02  4.594365E+01
    11.6500    2.294737E-02  2.930430E-02  4.622430E+01
    11.7000    1.769581E-02  3.155657E-02  4.652858E+01
    11.7500    9.083681E-03  3.318671E-02  4.684664E+01
    11.8000   -1.613261E-03  3.410257E-02  4.717121E+01
    11.8500   -1.247683E-02  3.427361E-02  4.749649E+01
    11.9000   -2.155244E-02  3.372500E-02  4.781717E+01
    11.9500   -2.744838E-02  3.253750E-02  4.812783E+01
    12.0000   -2.971515E-02  3.085205E-02  4.842237E+01
    12.0500   -2.880720E-02  2.880750E-02  4.869018E+01
    12.1000   -2.602522E-02  2.674867E-02  4.892779E+01
    12.1500   -2.269892E-02  2.503714E-02  4.913030E+01
    12.2000   -1.977929E-02  2.406788E-02  4.930090E+01
    12.2500   -1.748733E-02  2.415107E-02  4.945578E+01
    12.3000   -1.526449E-02  2.536647E-02  4.961978E+01
    12.3500   -1.204134E-02  2.752794E-02  4.981275E+01
    12.4000   -6.726308E-03  3.029531E-02  5.004159E+01
    12.4500    1.262477E-03  3.330886E-02  5.030339E+01
    12.5000    1.161517E-02  3.625804E-02  5.059158E+01
    12.5500    2.304172E-02  3.889549E-02  5.089952E+01
    12.6000    3.352269E-02  4.103007E-02  5.122172E+01
    12.6500    4.083276E-02  4.251678E-02  5.155389E+01
    12.7000    4.318015E-02  4.324882E-02  5.189264E+01
    12.7500    3.976436E-02  4.315221E-02  5.223517E+01
    12.8000    3.107545E-02  4.218258E-02  5.257891E+01
    12.8500    1.883274E-02  4.032384E-02  5.292114E+01
    12.9000    5.566006E-03  3.758895E-02  5.325845E+01
    12.9500   -6.051923E-03  3.402420E-02  5.358590E+01
    13.0000   -1.393655E-02  2.972109E-02  5.389513E+01
    13.0500   -1.713625E-02  2.477395E-02  5.417092E+01
    13.1000   -1.618172E-02  1.958248E-02  5.437965E+01
    13.1500   -1.288770E-02  1.492152E-02  5.444964E+01
    13.2000   -9.807617E-03  1.260466E-02  5.429870E+01
    13.2500   -9.422838E-03  1.465566E-02  5.410542E+01
    13.3000   -1.329868E-02  2.014522E-02  5.412808E+01
    13.3500   -2.145840E-02  2.717321E-02  5.431738E+01
    13.4000   -3.218192E-02  3.476266E-02  5.459012E+01
    13.4500   -4.232765E-02  4.243826E-02  5.490566E+01
    13.5000   -4.812915E-02  4.990307E-02  5.524530E+01
    13.5500   -4.627257E-02  5.693005E-02  5.559973E+01
    13.6000   -3.496013E-02  6.332696E-02  5.596384E+01
    13.6500   -1.464293E-02  6.892542E-02  5.633459E+01
    13.7000    1.182185E-02  7.357870E-02  5.671004E+01
    13.7500    3.968253E-02  7.716285E-02  5.708882E+01
    13.8000    6.337466E-02  7.957930E-02  5.746994E+01
    13.8500    7.789815E-02  8.075764E-02  5.785256E+01
    13.9000    8.011173E-02  8.065835E-02  5.823595E+01
    13.9500    6.957234E-02  7.927481E-02  5.861941E+01
    14.0000    4.866752E-02  7.663468E-02  5.900218E+01
    14.0500    2.194973E-02  7.273813E-02  5.938372E+01
    14.1000   -4.934874E-03  6.774001E-02  5.976318E+01
    14.1500   -2.681013E-02  6.176996E-02  6.013922E+01
    14.2000   -4.019370E-02  5.498694E-02  6.051000E+01
    14.2500   -4.403258E-02  4.757642E-02  6.087265E+01
    14.3000   -3.971917E-02  3.974892E-02  6.122237E+01
    14.3500   -3.042633E-02  3.174383E-02  6.155017E+01
    14.4000   -2.000570E-02  2.385154E-02  6.183685E+01
    14.4500   -1.181224E-02  1.650495E-02  6.203426E+01
    14.5000   -7.814166E-03  1.067150E-02  6.201024E+01
    14.5500   -8.228015E-03  8.815605E-03  6.162823E+01
    14.6000   -1.172974E-02  1.183575E-02  6.139500E+01
    14.6500   -1.610300E-02  1.651109E-02  6.148385E+01
    14.7000   -1.906037E-02  2.112540E-02  6.170690E+01
    14.7500   -1.895019E-02  2.519867E-02  6.198071E+01
    14.8000   -1.514081E-02  2.860539E-02  6.227408E+01
    14.8500   -8.016483E-03  3.135440E-02  6.257331E+01
    14.9000    1.333107E-03  3.352778E-02  6.287162E+01
    14.9500    1.155140E-02  3.525341E-02  6.316569E+01
    15.0000    2.138981E-02  3.668231E-02  6.345440E+01
    15.0500    2.993257E-02  3.807036E-02  6.373656E+01
    15.1000    3.657530E-02  3.945242E-02  6.401838E+01
    15.1500    4.066021E-02  4.086436E-02  6.430265E+01
    15.2000    4.152281E-02  4.227768E-02  6.459190E+01
    15.2500    3.857215E-02  4.360584E-02  6.488789E+01
    15.3000    3.152108E-02  4.472130E-02  6.519126E+01
    15.3500    2.067210E-02  4.547738E-02  6.550157E+01
    15.4000    7.105771E-03  4.573013E-02  6.581743E+01
    15.4500   -7.367584E-03  4.535733E-02  6.613660E+01
    15.5000   -2.054721E-02  4.427448E-02  6.645605E+01
    15.5500   -3.040073E-02  4.244894E-02  6.677175E+01
    15.6000   -3.565966E-02  3.991455E-02  6.707830E+01
    15.6500   -3.622257E-02  3.679065E-02  6.736828E+01
    15.7000   -3.318421E-02  3.331068E-02  6.763141E+01
    15.7500   -2.843861E-02  2.986446E-02  6.785450E+01
    15.8000   -2.397056E-02  2.703884E-02  6.802526E+01
    15.8500   -2.108555E-02  2.556885E-02  6.814544E+01
    15.9000   -1.987614E-02  2.604161E-02  6.824672E+01
    15.9500   -1.915388E-02  2.847924E-02  6.837738E+01
    16.0000   -1.691027E-02  3.233920E-02  6.856478E+01
    16.0500   -1.120641E-02  3.671048E-02  6.880482E+01
    16.1000   -1.172647E-03  4.121337E-02  6.908658E+01
    16.1500    1.268677E-02  4.538757E-02  6.939833E+01
    16.2000    2.823734E-02  4.888638E-02  6.973084E+01
    16.2500    4.221663E-02  5.145157E-02  7.007734E+01
    16.3000    5.121339E-02  5.289717E-02  7.043285E+01
    16.3500    5.279450E-02  5.310119E-02  7.079336E+01
    16.4000    4.637577E-02  5.200233E-02  7.115532E+01
    16.4500    3.350582E-02  4.960002E-02  7.151496E+01
    16.5000    1.743211E-02  4.595756E-02  7.186758E+01
    16.5500    2.074464E-03  4.121127E-02  7.220627E+01
    16.6000   -9.248913E-03  3.559393E-02  7.251949E+01
    16.6500   -1.489699E-02  2.949584E-02  7.278608E+01
    16.7000   -1.539580E-02  2.362515E-02  7.296642E+01
    16.7500   -1.315580E-02  1.934839E-02  7.300432E+01
    16.8000   -1.150231E-02  1.868268E-02  7.291986E+01
    16.8500   -1.335308E-02  2.227873E-02  7.289934E+01
    16.9000   -2.001084E-02  2.850126E-02  7.303498E+01
    16.9500   -3.050921E-02  3.570948E-02  7.328097E+01
    17.0000   -4.176578E-02  4.298086E-02  7.358908E+01
    17.0500   -4.942377E-02  4.971822E-02  7.393631E+01
    17.1000   -4.939630E-02  5.559217E-02  7.430405E+01
    17.1500   -3.950465E-02  6.038394E-02  7.468507E+01
    17.2000   -2.029075E-02  6.394139E-02  7.507531E+01
    17.2500    4.907097E-03  6.616617E-02  7.547246E+01
    17.3000    3.076472E-02  6.700771E-02  7.587523E+01
    17.3500    5.142760E-02  6.645957E-02  7.628307E+01
    17.4000    6.216569E-02  6.455666E-02  7.669601E+01
    17.4500    6.072257E-02  6.137269E-02  7.711470E+01
    17.5000    4.795441E-02  5.701824E-02  7.754062E+01
    17.5500    2.757723E-02  5.164055E-02  7.797646E+01
    17.6000    5.110781E-03  4.542751E-02  7.842707E+01
    17.6500   -1.365990E-02  3.862242E-02  7.890132E+01
    17.7000   -2.425703E-02  3.156623E-02  7.941623E+01
    17.7500   -2.467722E-02  2.481425E-02  8.000547E+01
    17.8000   -1.584716E-02  1.942503E-02  8.072728E+01
    17.8500   -1.271949E-03  1.723906E-02  8.160756E+01
    17.9000    1.399681E-02  1.947231E-02  8.248349E+01
    17.9500    2.477230E-02  2.480864E-02  8.319807E+01
    18.0000    2.713915E-02  3.142907E-02  8.378082E+01
    18.0500    1.941904E-02  3.833985E-02  8.429188E+01
    18.1000    2.775691E-03  4.501412E-02  8.476130E+01
    18.1500   -1.913351E-02  5.116629E-02  8.520626E+01
    18.2000   -4.111547E-02  5.661327E-02  8.563585E+01
    18.2500   -5.775011E-02  6.122670E-02  8.605519E+01
    18.3000   -6.473786E-02  6.491323E-02  8.646732E+01
    18.3500   -5.995456E-02  6.760567E-02  8.687416E+01
    18.4000   -4.396101E-02  6.925891E-02  8.727693E+01
    18.4500   -1.985191E-02  6.984826E-02  8.767641E+01
    18.5000    7.508963E-03  6.936884E-02  8.807305E+01
    18.5500    3.266987E-02  6.783563E-02  8.846708E+01
    18.6000    5.088832E-02  6.528386E-02  8.885845E+01
    18.6500    5.921645E-02  6.176926E-02  8.924689E+01
    18.7000    5.710199E-02  5.736837E-02  8.963180E+01
    18.7500    4.636113E-02  5.217853E-02  9.001210E+01
    18.8000    3.054793E-02  4.631802E-02  9.038600E+01
    18.8500    1.390885E-02  3.992678E-02  9.075037E+01
    18.9000    2.229003E-04  3.316962E-02  9.109947E+01
    18.9500   -8.146340E-03  2.624777E-02  9.142176E+01
    19.0000   -1.073013E-02  1.943879E-02  9.169094E+01
    19.0500   -8.829747E-03  1.320152E-02  9.183884E+01
    19.1000   -4.939334E-03  8.935258E-03  9.169190E+01
    19.1500   -1.867665E-03  9.245623E-03  9.130959E+01
    19.2000   -1.780767E-03  1.322005E-02  9.124130E+01
    19.2500   -5.549085E-03  1.805410E-02  9.141860E+01
    19.3000   -1.255264E-02  2.268180E-02  9.169266E+01
    19.3500   -2.096981E-02  2.675081E-02  9.200710E+01
    19.4000   -2.841961E-02  3.011701E-02  9.233965E+01
    19.4500   -3.272357E-02  3.272370E-02  9.267978E+01
    19.5000   -3.253518E-02  3.456806E-02  9.302164E+01
    19.5500   -2.765157E-02  3.568922E-02  9.336140E+01
    19.6000   -1.894744E-02  3.616205E-02  9.369629E+01
    19.6500   -8.004013E-03  3.609163E-02  9.402415E+01
    19.7000    3.399516E-03  3.560626E-02  9.434340E+01
    19.7500    1.374155E-02  3.484760E-02  9.465312E+01
    19.8000    2.201933E-02  3.395716E-02  9.495332E+01
    19.8500    2.777150E-02  3.305928E-02  9.524516E+01
    19.9000    3.091906E-02  3.224299E-02  9.553102E+01
    19.9500    3.154694E-02  3.154724E-02  9.581420E+01
    20.0000    2.975227E-02  3.095519E-02  9.609827E+01
