# Structure from AMCSD, AMS_ID: 11157          Feff8L (EXAFS)       0.1
# Mineral Name: Platinum
# Journal: Crystal Structures 1, pp. 7-83 (1963)
# Authors: Wyckoff R W G
# Title1:  Second edition. Interscience Publishers, New York, New York
# Title2:  Cubic closest packed, ccp, structure
# Formula:    Pt
# SpaceGroup: Fm-3m
# # sites:    1
# POT  Non-SCF, core-hole, AFOLP (folp(0)= 1.150)
# Abs   Z=78 Rmt= 1.463 Rnm= 1.499 L3 shell
# Pot 1 Z=78 Rmt= 1.477 Rnm= 1.515
# Gam_ch=5.171E+00 H-L exch
# Mu=-2.659E-01 kf=2.036E+00 Vint=-1.605E+01 Rs_int= 1.782
# PATH  Rmax= 7.000,  Keep_limit= 0.00, Heap_limit 0.00  Pwcrit= 2.50%
#  S02=1.000                                        Global_sig2= 0.00000
#  Curved wave amplitude ratio filter   4.000%
#     file         sig2 tot  cw amp ratio   deg  nlegs   reff  inp sig2
#           1       0.00000    100.00     12.00     2   2.7741
#           2       0.00000     25.11      6.00     2   3.9231
#           3       0.00000     14.85     48.00     3   4.1611
#           4       0.00000      5.82     48.00     3   4.7356
#           5       0.00000     60.00     24.00     2   4.8048
#           6       0.00000     10.35     48.00     3   5.1764
#           7       0.00000     32.15     96.00     3   5.1764
#           8       0.00000     19.97     12.00     2   5.5481
#           9       0.00000      8.20     12.00     3   5.5481
#          10       0.00000     86.27     24.00     3   5.5481
#          11       0.00000     14.99     12.00     4   5.5481
#          13       0.00000      4.82     48.00     4   5.5481
#          14       0.00000     97.24     12.00     4   5.5481
#          15       0.00000      5.06     48.00     4   5.5481
#          16       0.00000      9.79     48.00     4   5.5481
#          19       0.00000     28.51     24.00     2   6.2030
#          20       0.00000      4.54     48.00     3   6.4501
#          21       0.00000      9.56     48.00     3   6.4501
#          22       0.00000     11.38     48.00     3   6.4501
#          23       0.00000      4.04     96.00     3   6.5635
#          24       0.00000      8.96     96.00     4   6.5635
#          25       0.00000      5.80     96.00     4   6.5635
#          28       0.00000      7.12      8.00     2   6.7950
#    23/  25 paths used
#  xsedge+50, used to normalize mu           3.9219E-04
#  -----------------------------------------------------------------------
#  omega    e    k    mu    mu0     chi     @#
   11563.073     -0.266   0.000  4.73621E-01  5.69981E-01 -7.73083E-02
   11563.083     -0.256   0.050  4.77328E-01  5.72793E-01 -7.66656E-02
   11563.111     -0.228   0.100  4.81053E-01  5.75604E-01 -7.60068E-02
   11563.159     -0.180   0.150  4.92131E-01  5.83838E-01 -7.39355E-02
   11563.225     -0.114   0.200  5.03360E-01  5.92071E-01 -7.17297E-02
   11563.311     -0.028   0.250  5.22058E-01  6.05486E-01 -6.77767E-02
   11563.416      0.077   0.300  5.41099E-01  6.18900E-01 -6.35055E-02
   11563.540      0.201   0.350  5.67434E-01  6.36933E-01 -5.70889E-02
   11563.683      0.344   0.400  5.94227E-01  6.54966E-01 -5.02111E-02
   11563.845      0.506   0.450  6.27129E-01  6.76444E-01 -4.10829E-02
   11564.026      0.687   0.500  6.60343E-01  6.97923E-01 -3.15505E-02
   11564.226      0.887   0.550  6.97757E-01  7.21002E-01 -1.96867E-02
   11564.445      1.106   0.600  7.34948E-01  7.44081E-01 -7.80344E-03
   11564.683      1.344   0.650  7.72860E-01  7.66557E-01  5.43721E-03
   11564.940      1.601   0.700  8.09545E-01  7.89034E-01  1.78646E-02
   11565.216      1.877   0.750  8.43206E-01  8.08975E-01  3.01138E-02
   11565.511      2.172   0.800  8.74320E-01  8.28915E-01  4.03474E-02
   11565.826      2.487   0.850  8.99049E-01  8.45167E-01  4.83671E-02
   11566.159      2.820   0.900  9.19984E-01  8.61419E-01  5.31102E-02
   11566.512      3.173   0.950  9.32394E-01  8.73706E-01  5.37550E-02
   11566.883      3.544   1.000  9.40426E-01  8.85992E-01  5.03630E-02
   11567.274      3.935   1.050  9.39458E-01  8.94665E-01  4.18410E-02
   11567.683      4.344   1.100  9.34748E-01  9.03338E-01  2.96245E-02
   11568.112      4.773   1.150  9.22585E-01  9.09057E-01  1.28736E-02
   11568.559      5.220   1.200  9.08751E-01  9.14776E-01 -5.78558E-03
   11569.026      5.687   1.250  8.90811E-01  9.18275E-01 -2.65880E-02
   11569.512      6.173   1.300  8.74257E-01  9.21775E-01 -4.63811E-02
   11570.017      6.678   1.350  8.57602E-01  9.23724E-01 -6.50054E-02
   11570.541      7.202   1.400  8.45224E-01  9.25672E-01 -7.96657E-02
   11571.084      7.745   1.450  8.36021E-01  9.26626E-01 -9.02801E-02
   11571.646      8.307   1.500  8.32421E-01  9.27580E-01 -9.54076E-02
   11572.227      8.888   1.550  8.33025E-01  9.27974E-01 -9.56832E-02
   11572.827      9.488   1.600  8.38194E-01  9.28367E-01 -9.13371E-02
   11573.446     10.107   1.650  8.46117E-01  9.28523E-01 -8.38037E-02
   11574.084     10.745   1.700  8.55758E-01  9.28679E-01 -7.44558E-02
   11574.741     11.402   1.750  8.65527E-01  9.28825E-01 -6.48203E-02
   11575.417     12.078   1.800  8.74236E-01  9.28971E-01 -5.62168E-02
   11576.113     12.774   1.850  8.81647E-01  9.29265E-01 -4.90014E-02
   11576.827     13.488   1.900  8.87069E-01  9.29559E-01 -4.38095E-02
   11577.561     14.222   1.950  8.92042E-01  9.30189E-01 -3.93730E-02
   11578.313     14.974   2.000  8.96279E-01  9.30820E-01 -3.56882E-02
   11579.085     15.746   2.050  9.02585E-01  9.31367E-01 -2.97355E-02
   11579.875     16.536   2.100  9.09987E-01  9.31914E-01 -2.26515E-02
   11580.685     17.346   2.150  9.18359E-01  9.32460E-01 -1.45663E-02
   11581.513     18.174   2.200  9.27259E-01  9.33007E-01 -5.93786E-03
   11582.361     19.022   2.250  9.38445E-01  9.32476E-01  6.15814E-03
   11583.228     19.889   2.300  9.48145E-01  9.31944E-01  1.66933E-02
   11584.114     20.775   2.350  9.55633E-01  9.31413E-01  2.49256E-02
   11585.019     21.680   2.400  9.60843E-01  9.30881E-01  3.07959E-02
   11585.942     22.603   2.450  9.65023E-01  9.29850E-01  3.61136E-02
   11586.885     23.546   2.500  9.65369E-01  9.28818E-01  3.74865E-02
   11587.847     24.508   2.550  9.62595E-01  9.27787E-01  3.56608E-02
   11588.829     25.490   2.600  9.57394E-01  9.26755E-01  3.13548E-02
   11589.829     26.490   2.650  9.53069E-01  9.27585E-01  2.59951E-02
   11590.848     27.509   2.700  9.45866E-01  9.28415E-01  1.77438E-02
   11591.886     28.547   2.750  9.35884E-01  9.29245E-01  6.72935E-03
   11592.943     29.604   2.800  9.23724E-01  9.30074E-01 -6.41539E-03
   11594.020     30.681   2.850  9.11432E-01  9.32110E-01 -2.08477E-02
   11595.115     31.776   2.900  8.98685E-01  9.34146E-01 -3.56767E-02
   11596.229     32.890   2.950  8.87597E-01  9.36181E-01 -4.87802E-02
   11597.363     34.024   3.000  8.80295E-01  9.38217E-01 -5.80359E-02
   11598.515     35.176   3.050  8.76909E-01  9.39170E-01 -6.23129E-02
   11599.687     36.348   3.100  8.79760E-01  9.40124E-01 -6.03443E-02
   11600.878     37.539   3.150  8.88958E-01  9.41077E-01 -5.20427E-02
   11602.087     38.748   3.200  9.03629E-01  9.42030E-01 -3.83013E-02
   11603.316     39.977   3.250  9.22111E-01  9.43413E-01 -2.12447E-02
   11604.564     41.225   3.300  9.42355E-01  9.44796E-01 -2.43410E-03
   11605.831     42.492   3.350  9.62270E-01  9.46180E-01  1.60434E-02
   11607.116     43.777   3.400  9.79999E-01  9.47563E-01  3.23371E-02
   11608.421     45.082   3.450  9.92688E-01  9.47546E-01  4.50322E-02
   11609.745     46.406   3.500  1.00124E+00  9.47529E-01  5.36119E-02
   11611.088     47.749   3.550  1.00550E+00  9.47512E-01  5.79139E-02
   11612.450     49.111   3.600  1.00590E+00  9.47495E-01  5.83739E-02
   11613.832     50.493   3.650  1.00313E+00  9.47785E-01  5.53816E-02
   11615.232     51.893   3.700  9.97703E-01  9.48074E-01  4.97317E-02
   11616.651     53.312   3.750  9.91330E-01  9.48364E-01  4.31128E-02
   11618.089     54.750   3.800  9.84946E-01  9.48653E-01  3.64651E-02
   11619.547     56.208   3.850  9.76630E-01  9.47674E-01  2.91521E-02
   11621.023     57.684   3.900  9.68674E-01  9.46695E-01  2.21728E-02
   11622.518     59.179   3.950  9.61172E-01  9.45716E-01  1.56231E-02
   11624.033     60.694   4.000  9.53842E-01  9.44737E-01  9.22277E-03
   11625.566     62.227   4.050  9.45923E-01  9.43852E-01  2.10274E-03
   11627.119     63.780   4.100  9.37505E-01  9.42968E-01 -5.55954E-03
   11628.690     65.351   4.150  9.28367E-01  9.42083E-01 -1.39925E-02
   11630.281     66.942   4.200  9.18561E-01  9.41198E-01 -2.31497E-02
   11631.891     68.552   4.250  9.08293E-01  9.39907E-01 -3.24116E-02
   11633.520     70.181   4.300  8.98693E-01  9.38616E-01 -4.10339E-02
   11635.167     71.828   4.350  8.90680E-01  9.37325E-01 -4.80632E-02
   11636.834     73.495   4.400  8.85221E-01  9.36034E-01 -5.24916E-02
   11638.520     75.181   4.450  8.83287E-01  9.34628E-01 -5.31717E-02
   11640.225     76.886   4.500  8.85173E-01  9.33222E-01 -4.98895E-02
   11641.949     78.610   4.550  8.90810E-01  9.31817E-01 -4.26862E-02
   11643.692     80.353   4.600  8.99623E-01  9.30411E-01 -3.21309E-02
   11645.454     82.115   4.650  9.10686E-01  9.29378E-01 -1.95542E-02
   11647.236     83.897   4.700  9.22386E-01  9.28345E-01 -6.24796E-03
   11649.036     85.697   4.750  9.33315E-01  9.27312E-01  6.31031E-03
   11650.855     87.516   4.800  9.42205E-01  9.26279E-01  1.67805E-02
   11652.693     89.354   4.850  9.47694E-01  9.25118E-01  2.38388E-02
   11654.551     91.212   4.900  9.50027E-01  9.23957E-01  2.75887E-02
   11656.427     93.088   4.950  9.49349E-01  9.22797E-01  2.81616E-02
   11658.323     94.984   5.000  9.46254E-01  9.21636E-01  2.61673E-02
   11660.237     96.898   5.050  9.42305E-01  9.20892E-01  2.28043E-02
   11662.171     98.832   5.100  9.37840E-01  9.20148E-01  1.88772E-02
   11664.123    100.784   5.150  9.33748E-01  9.19405E-01  1.53346E-02
   11666.095    102.756   5.200  9.30692E-01  9.18661E-01  1.28869E-02
   11668.086    104.747   5.250  9.29056E-01  9.18005E-01  1.18566E-02
   11670.095    106.756   5.300  9.28891E-01  9.17349E-01  1.24044E-02
   11672.124    108.785   5.350  9.29833E-01  9.16693E-01  1.41455E-02
   11674.172    110.833   5.400  9.31248E-01  9.16038E-01  1.64027E-02
   11676.239    112.900   5.450  9.32989E-01  9.15441E-01  1.89511E-02
   11678.325    114.986   5.500  9.33743E-01  9.14844E-01  2.04397E-02
   11680.430    117.091   5.550  9.32776E-01  9.14248E-01  2.00697E-02
   11682.554    119.215   5.600  9.29590E-01  9.13651E-01  1.72899E-02
   11684.697    121.358   5.650  9.23875E-01  9.13239E-01  1.15516E-02
   11686.859    123.520   5.700  9.15539E-01  9.12827E-01  2.94930E-03
   11689.041    125.702   5.750  9.05222E-01  9.12415E-01 -7.83164E-03
   11691.241    127.902   5.800  8.94003E-01  9.12003E-01 -1.96231E-02
   11693.460    130.121   5.850  8.82556E-01  9.11532E-01 -3.16263E-02
   11695.699    132.360   5.900  8.73286E-01  9.11062E-01 -4.12809E-02
   11697.956    134.617   5.950  8.67619E-01  9.10591E-01 -4.70156E-02
   11700.232    136.893   6.000  8.66465E-01  9.10121E-01 -4.78213E-02
   11702.528    139.189   6.050  8.70431E-01  9.09581E-01 -4.29265E-02
   11704.842    141.504   6.100  8.78664E-01  9.09040E-01 -3.33393E-02
   11707.176    143.837   6.150  8.89591E-01  9.08500E-01 -2.07743E-02
   11709.529    146.190   6.200  9.01217E-01  9.07960E-01 -7.41555E-03
   11711.900    148.562   6.250  9.11544E-01  9.07420E-01  4.54024E-03
   11714.291    150.952   6.300  9.18997E-01  9.06879E-01  1.33513E-02
   11716.701    153.362   6.350  9.22748E-01  9.06339E-01  1.80974E-02
   11719.130    155.791   6.400  9.22877E-01  9.05799E-01  1.88545E-02
   11721.578    158.239   6.450  9.20308E-01  9.05259E-01  1.66312E-02
   11724.045    160.706   6.500  9.16540E-01  9.04718E-01  1.30769E-02
   11726.531    163.192   6.550  9.13357E-01  9.04078E-01  1.02712E-02
   11729.036    165.697   6.600  9.12054E-01  9.03438E-01  9.54501E-03
   11731.560    168.221   6.650  9.13243E-01  9.02798E-01  1.15794E-02
   11734.103    170.764   6.700  9.16672E-01  9.02158E-01  1.61033E-02
   11736.665    173.326   6.750  9.21319E-01  9.01518E-01  2.19853E-02
   11739.247    175.908   6.800  9.25676E-01  9.00878E-01  2.75548E-02
   11741.847    178.508   6.850  9.28171E-01  9.00238E-01  3.10621E-02
   11744.466    181.127   6.900  9.27588E-01  8.99599E-01  3.11487E-02
   11747.105    183.766   6.950  9.23381E-01  8.98959E-01  2.72002E-02
   11749.762    186.423   7.000  9.15804E-01  8.98319E-01  1.94888E-02
   11752.439    189.100   7.050  9.05562E-01  8.97734E-01  8.72957E-03
   11755.134    191.795   7.100  8.94292E-01  8.97149E-01 -3.18747E-03
   11757.849    194.510   7.150  8.83535E-01  8.96564E-01 -1.45438E-02
   11760.583    197.244   7.200  8.74591E-01  8.95978E-01 -2.38876E-02
   11763.335    199.996   7.250  8.68233E-01  8.95393E-01 -3.03521E-02
   11766.107    202.768   7.300  8.64585E-01  8.94808E-01 -3.37929E-02
   11768.898    205.559   7.350  8.63206E-01  8.94223E-01 -3.46992E-02
   11771.708    208.369   7.400  8.63341E-01  8.93638E-01 -3.39116E-02
   11774.537    211.198   7.450  8.64259E-01  8.93053E-01 -3.22463E-02
   11777.385    214.046   7.500  8.65547E-01  8.92468E-01 -3.01646E-02
   11780.252    216.913   7.550  8.67828E-01  8.91987E-01 -2.70785E-02
   11783.138    219.799   7.600  8.70933E-01  8.91505E-01 -2.30670E-02
   11786.043    222.704   7.650  8.75408E-01  8.91023E-01 -1.75157E-02
   11788.967    225.628   7.700  8.81786E-01  8.90541E-01 -9.82469E-03
   11791.910    228.571   7.750  8.90303E-01  8.90059E-01  2.73347E-04
   11794.872    231.533   7.800  9.00669E-01  8.89577E-01  1.24559E-02
   11797.854    234.515   7.850  9.11968E-01  8.89096E-01  2.56961E-02
   11800.854    237.515   7.900  9.22728E-01  8.88614E-01  3.83409E-02
   11803.873    240.534   7.950  9.31165E-01  8.88132E-01  4.83841E-02
   11806.912    243.573   8.000  9.35555E-01  8.87650E-01  5.38825E-02
   11809.969    246.630   8.050  9.34471E-01  8.87167E-01  5.32293E-02
   11813.046    249.707   8.100  9.27542E-01  8.86684E-01  4.59944E-02
   11816.142    252.803   8.150  9.15419E-01  8.86202E-01  3.29050E-02
   11819.256    255.917   8.200  8.99780E-01  8.85719E-01  1.58426E-02
   11822.390    259.051   8.250  8.83037E-01  8.85236E-01 -2.47866E-03
   11825.543    262.204   8.300  8.67846E-01  8.84753E-01 -1.90654E-02
   11828.715    265.376   8.350  8.56522E-01  8.84270E-01 -3.13040E-02
   11831.905    268.566   8.400  8.50505E-01  8.83787E-01 -3.75629E-02
   11835.115    271.776   8.450  8.50030E-01  8.83304E-01 -3.75707E-02
   11838.344    275.005   8.500  8.54088E-01  8.82821E-01 -3.24572E-02
   11841.592    278.253   8.550  8.60703E-01  8.82252E-01 -2.43552E-02
   11844.859    281.520   8.600  8.67548E-01  8.81682E-01 -1.59841E-02
   11848.145    284.806   8.650  8.72473E-01  8.81112E-01 -9.77593E-03
   11851.451    288.112   8.700  8.74246E-01  8.80543E-01 -7.12857E-03
   11854.775    291.436   8.750  8.72905E-01  8.79973E-01 -8.00639E-03
   11858.118    294.779   8.800  8.69716E-01  8.79403E-01 -1.09800E-02
   11861.480    298.141   8.850  8.66747E-01  8.78834E-01 -1.37063E-02
   11864.862    301.523   8.900  8.66181E-01  8.78264E-01 -1.37107E-02
   11868.262    304.923   8.950  8.69559E-01  8.77694E-01 -9.23620E-03
   11871.682    308.343   9.000  8.77219E-01  8.77125E-01  1.07244E-04
   11875.120    311.781   9.050  8.88233E-01  8.76412E-01  1.34374E-02
   11878.578    315.239   9.100  9.00169E-01  8.75699E-01  2.78364E-02
   11882.054    318.715   9.150  9.10006E-01  8.74986E-01  3.98644E-02
   11885.550    322.211   9.200  9.14955E-01  8.74273E-01  4.63412E-02
   11889.065    325.726   9.250  9.13282E-01  8.73560E-01  4.52794E-02
   11892.598    329.259   9.300  9.04832E-01  8.72847E-01  3.64849E-02
   11896.151    332.812   9.350  8.91091E-01  8.72134E-01  2.16395E-02
   11899.723    336.384   9.400  8.74790E-01  8.71421E-01  3.84826E-03
   11903.314    339.975   9.450  8.59158E-01  8.70708E-01 -1.32023E-02
   11906.924    343.585   9.500  8.47077E-01  8.69995E-01 -2.62158E-02
   11910.553    347.214   9.550  8.40204E-01  8.69266E-01 -3.32683E-02
   11914.201    350.862   9.600  8.39245E-01  8.68537E-01 -3.35567E-02
   11917.868    354.529   9.650  8.43215E-01  8.67807E-01 -2.81950E-02
   11921.554    358.215   9.700  8.50073E-01  8.67078E-01 -1.95106E-02
   11925.259    361.921   9.750  8.57388E-01  8.66349E-01 -1.02888E-02
   11928.984    365.645   9.800  8.63031E-01  8.65619E-01 -2.97480E-03
   11932.727    369.388   9.850  8.65702E-01  8.64890E-01  9.33387E-04
   11936.489    373.150   9.900  8.65164E-01  8.64161E-01  1.15456E-03
   11940.271    376.932   9.950  8.62155E-01  8.63431E-01 -1.47033E-03
   11944.071    380.732  10.000  8.58056E-01  8.62702E-01 -5.35501E-03
   11947.891    384.552  10.050  8.54217E-01  8.61946E-01 -8.91646E-03
   11951.729    388.390  10.100  8.52257E-01  8.61190E-01 -1.03146E-02
   11955.587    392.248  10.150  8.53147E-01  8.60434E-01 -8.42121E-03
   11959.464    396.125  10.200  8.57167E-01  8.59678E-01 -2.90414E-03
   11963.359    400.020  10.250  8.63870E-01  8.58922E-01  5.72789E-03
   11967.274    403.935  10.300  8.72175E-01  8.58166E-01  1.62305E-02
   11971.208    407.869  10.350  8.80553E-01  8.57411E-01  2.68361E-02
   11975.161    411.822  10.400  8.87274E-01  8.56655E-01  3.55371E-02
   11979.133    415.794  10.450  8.90692E-01  8.55899E-01  4.04167E-02
   11983.124    419.785  10.500  8.89548E-01  8.55143E-01  4.00003E-02
   11987.134    423.795  10.550  8.83251E-01  8.54387E-01  3.35875E-02
   11991.163    427.824  10.600  8.72091E-01  8.53631E-01  2.14993E-02
   11995.211    431.872  10.650  8.57303E-01  8.52875E-01  5.16138E-03
   11999.278    435.939  10.700  8.40941E-01  8.52119E-01 -1.30409E-02
   12003.364    440.025  10.750  8.25537E-01  8.51363E-01 -3.01561E-02
   12007.469    444.130  10.800  8.13597E-01  8.50607E-01 -4.32528E-02
   12011.594    448.255  10.850  8.07044E-01  8.49851E-01 -5.00710E-02
   12015.737    452.398  10.900  8.06759E-01  8.49095E-01 -4.95641E-02
   12019.899    456.560  10.950  8.12353E-01  8.48340E-01 -4.21668E-02
   12024.081    460.742  11.000  8.22269E-01  8.47584E-01 -2.96883E-02
   12028.281    464.942  11.050  8.33966E-01  8.46727E-01 -1.49811E-02
   12032.501    469.162  11.100  8.45245E-01  8.45870E-01 -7.33755E-04
   12036.740    473.401  11.150  8.54043E-01  8.45013E-01  1.06238E-02
   12040.997    477.658  11.200  8.59233E-01  8.44156E-01  1.77561E-02
   12045.274    481.935  11.250  8.60835E-01  8.43299E-01  2.06746E-02
   12049.570    486.231  11.300  8.59862E-01  8.42442E-01  2.05593E-02
   12053.884    490.546  11.350  8.57851E-01  8.41585E-01  1.92169E-02
   12058.218    494.879  11.400  8.56257E-01  8.40728E-01  1.83663E-02
   12062.571    499.232  11.450  8.55920E-01  8.39871E-01  1.90017E-02
   12066.943    503.604  11.500  8.56778E-01  8.39014E-01  2.10533E-02
   12071.334    507.995  11.550  8.57927E-01  8.38157E-01  2.34567E-02
   12075.744    512.405  11.600  8.58008E-01  8.37300E-01  2.45954E-02
   12080.173    516.834  11.650  8.55743E-01  8.36443E-01  2.29474E-02
   12084.622    521.283  11.700  8.50453E-01  8.35586E-01  1.76958E-02
   12089.089    525.750  11.750  8.42353E-01  8.34729E-01  9.08368E-03
   12093.575    530.236  11.800  8.32520E-01  8.33872E-01 -1.61326E-03
   12098.080    534.741  11.850  8.22566E-01  8.33015E-01 -1.24768E-02
   12102.605    539.266  11.900  8.14128E-01  8.32158E-01 -2.15524E-02
   12107.148    543.809  11.950  8.08363E-01  8.31301E-01 -2.74484E-02
   12111.710    548.372  12.000  8.05639E-01  8.30444E-01 -2.97151E-02
   12116.292    552.953  12.050  8.05507E-01  8.29528E-01 -2.88072E-02
   12120.893    557.554  12.100  8.06935E-01  8.28612E-01 -2.60252E-02
   12125.512    562.173  12.150  8.08811E-01  8.27696E-01 -2.26989E-02
   12130.151    566.812  12.200  8.10342E-01  8.26780E-01 -1.97793E-02
   12134.809    571.470  12.250  8.11347E-01  8.25864E-01 -1.74873E-02
   12139.485    576.146  12.300  8.12291E-01  8.24948E-01 -1.52645E-02
   12144.181    580.842  12.350  8.14058E-01  8.24032E-01 -1.20413E-02
   12148.896    585.557  12.400  8.17551E-01  8.23116E-01 -6.72631E-03
   12153.630    590.291  12.450  8.23243E-01  8.22200E-01  1.26248E-03
   12158.383    595.044  12.500  8.30872E-01  8.21284E-01  1.16152E-02
   12163.155    599.816  12.550  8.39367E-01  8.20368E-01  2.30417E-02
   12167.946    604.607  12.600  8.47061E-01  8.19451E-01  3.35227E-02
   12172.756    609.417  12.650  8.52128E-01  8.18535E-01  4.08328E-02
   12177.585    614.246  12.700  8.53103E-01  8.17619E-01  4.31802E-02
   12182.433    619.094  12.750  8.49343E-01  8.16703E-01  3.97644E-02
   12187.301    623.962  12.800  8.41266E-01  8.15787E-01  3.10754E-02
   12192.187    628.848  12.850  8.30295E-01  8.14871E-01  1.88327E-02
   12197.092    633.753  12.900  8.18508E-01  8.13955E-01  5.56601E-03
   12202.017    638.678  12.950  8.08094E-01  8.13039E-01 -6.05192E-03
   12206.960    643.621  13.000  8.00748E-01  8.12123E-01 -1.39365E-02
   12211.923    648.584  13.050  7.97178E-01  8.11146E-01 -1.71363E-02
   12216.904    653.565  13.100  7.96996E-01  8.10170E-01 -1.61817E-02
   12221.905    658.566  13.150  7.98715E-01  8.09193E-01 -1.28877E-02
   12226.924    663.585  13.200  8.00253E-01  8.08216E-01 -9.80762E-03
   12231.963    668.624  13.250  7.99598E-01  8.07240E-01 -9.42284E-03
   12237.021    673.682  13.300  7.95493E-01  8.06263E-01 -1.32987E-02
   12242.098    678.759  13.350  7.87930E-01  8.05286E-01 -2.14584E-02
   12247.193    683.854  13.400  7.78313E-01  8.04310E-01 -3.21819E-02
   12252.308    688.969  13.450  7.69185E-01  8.03333E-01 -4.23277E-02
   12257.442    694.103  13.500  7.63578E-01  8.02357E-01 -4.81292E-02
   12262.595    699.256  13.550  7.64146E-01  8.01380E-01 -4.62726E-02
   12267.767    704.428  13.600  7.72308E-01  8.00403E-01 -3.49601E-02
   12272.958    709.619  13.650  7.87675E-01  7.99427E-01 -1.46429E-02
   12278.169    714.830  13.700  8.07926E-01  7.98450E-01  1.18218E-02
   12283.398    720.059  13.750  8.29239E-01  7.97473E-01  3.96825E-02
   12288.646    725.307  13.800  8.47161E-01  7.96497E-01  6.33747E-02
   12293.913    730.574  13.850  8.57714E-01  7.95520E-01  7.78982E-02
   12299.200    735.861  13.900  8.58421E-01  7.94543E-01  8.01117E-02
   12304.505    741.166  13.950  8.48968E-01  7.93567E-01  6.95723E-02
   12309.830    746.491  14.000  8.31293E-01  7.92590E-01  4.86675E-02
   12315.173    751.834  14.050  8.09023E-01  7.91591E-01  2.19497E-02
   12320.536    757.197  14.100  7.86678E-01  7.90591E-01 -4.93487E-03
   12325.917    762.578  14.150  7.68357E-01  7.89592E-01 -2.68101E-02
   12331.318    767.979  14.200  7.56800E-01  7.88593E-01 -4.01937E-02
   12336.738    773.399  14.250  7.52811E-01  7.87594E-01 -4.40326E-02
   12342.176    778.837  14.300  7.55262E-01  7.86594E-01 -3.97192E-02
   12347.634    784.295  14.350  7.61625E-01  7.85595E-01 -3.04263E-02
   12353.111    789.772  14.400  7.68857E-01  7.84596E-01 -2.00057E-02
   12358.607    795.268  14.450  7.74316E-01  7.83596E-01 -1.18122E-02
   12364.122    800.783  14.500  7.76466E-01  7.82597E-01 -7.81417E-03
   12369.656    806.317  14.550  7.75151E-01  7.81598E-01 -8.22801E-03
   12375.209    811.870  14.600  7.71420E-01  7.80598E-01 -1.17297E-02
   12380.781    817.442  14.650  7.67016E-01  7.79599E-01 -1.61030E-02
   12386.372    823.033  14.700  7.63727E-01  7.78600E-01 -1.90604E-02
   12391.982    828.643  14.750  7.62833E-01  7.77600E-01 -1.89502E-02
   12397.612    834.273  14.800  7.64819E-01  7.76601E-01 -1.51408E-02
   12403.260    839.921  14.850  7.69372E-01  7.75602E-01 -8.01648E-03
   12408.927    845.588  14.900  7.75637E-01  7.74602E-01  1.33311E-03
   12414.614    851.275  14.950  7.82555E-01  7.73603E-01  1.15514E-02
   12420.319    856.980  15.000  7.89158E-01  7.72604E-01  2.13898E-02
   12426.044    862.705  15.050  7.94700E-01  7.71568E-01  2.99326E-02
   12431.787    868.448  15.100  7.98758E-01  7.70532E-01  3.65753E-02
   12437.550    874.211  15.150  8.00830E-01  7.69496E-01  4.06602E-02
   12443.331    879.992  15.200  8.00413E-01  7.68459E-01  4.15228E-02
   12449.132    885.793  15.250  7.97064E-01  7.67423E-01  3.85721E-02
   12454.952    891.613  15.300  7.90576E-01  7.66387E-01  3.15211E-02
   12460.791    897.452  15.350  7.81192E-01  7.65351E-01  2.06721E-02
   12466.648    903.309  15.400  7.69752E-01  7.64315E-01  7.10577E-03
   12472.525    909.186  15.450  7.57649E-01  7.63279E-01 -7.36758E-03
   12478.421    915.082  15.500  7.46565E-01  7.62243E-01 -2.05472E-02
   12484.336    920.997  15.550  7.38044E-01  7.61207E-01 -3.04007E-02
   12490.270    926.931  15.600  7.33040E-01  7.60171E-01 -3.56597E-02
   12496.223    932.884  15.650  7.31615E-01  7.59135E-01 -3.62226E-02
   12502.196    938.857  15.700  7.32924E-01  7.58099E-01 -3.31842E-02
   12508.187    944.848  15.750  7.35519E-01  7.57063E-01 -2.84386E-02
   12514.197    950.858  15.800  7.37894E-01  7.56026E-01 -2.39706E-02
   12520.226    956.887  15.850  7.39063E-01  7.54990E-01 -2.10855E-02
   12526.275    962.936  15.900  7.38962E-01  7.53954E-01 -1.98761E-02
   12532.342    969.003  15.950  7.38492E-01  7.52918E-01 -1.91539E-02
   12538.428    975.090  16.000  7.39164E-01  7.51882E-01 -1.69103E-02
   12544.534    981.195  16.050  7.42409E-01  7.50825E-01 -1.12064E-02
   12550.659    987.320  16.100  7.48889E-01  7.49768E-01 -1.17265E-03
   12556.802    993.463  16.150  7.58212E-01  7.48711E-01  1.26868E-02
   12562.965    999.626  16.200  7.68769E-01  7.47654E-01  2.82373E-02
   12569.146   1005.807  16.250  7.78119E-01  7.46597E-01  4.22166E-02
   12575.347   1012.008  16.300  7.83725E-01  7.45540E-01  5.12134E-02
   12581.567   1018.228  16.350  7.83789E-01  7.44483E-01  5.27945E-02
   12587.806   1024.467  16.400  7.77903E-01  7.43426E-01  4.63758E-02
   12594.064   1030.725  16.450  7.67242E-01  7.42369E-01  3.35058E-02
   12600.341   1037.002  16.500  7.54234E-01  7.41312E-01  1.74321E-02
   12606.637   1043.298  16.550  7.41791E-01  7.40255E-01  2.07446E-03
   12612.952   1049.613  16.600  7.32363E-01  7.39198E-01 -9.24891E-03
   12619.286   1055.947  16.650  7.27147E-01  7.38141E-01 -1.48970E-02
   12625.639   1062.300  16.700  7.25739E-01  7.37084E-01 -1.53958E-02
   12632.011   1068.672  16.750  7.26347E-01  7.36027E-01 -1.31558E-02
   12638.402   1075.063  16.800  7.26519E-01  7.34970E-01 -1.15023E-02
   12644.813   1081.474  16.850  7.24117E-01  7.33913E-01 -1.33531E-02
   12651.242   1087.903  16.900  7.18197E-01  7.32856E-01 -2.00108E-02
   12657.690   1094.351  16.950  7.09482E-01  7.31799E-01 -3.05092E-02
   12664.158   1100.819  17.000  7.00236E-01  7.30743E-01 -4.17658E-02
   12670.644   1107.305  17.050  6.93599E-01  7.29646E-01 -4.94238E-02
   12677.150   1113.811  17.100  6.92575E-01  7.28549E-01 -4.93963E-02
   12683.675   1120.336  17.150  6.98725E-01  7.27453E-01 -3.95046E-02
   12690.218   1126.879  17.200  7.11622E-01  7.26356E-01 -2.02908E-02
   12696.781   1133.442  17.250  7.28818E-01  7.25260E-01  4.90710E-03
   12703.363   1140.024  17.300  7.46437E-01  7.24163E-01  3.07647E-02
   12709.963   1146.624  17.350  7.60245E-01  7.23067E-01  5.14276E-02
   12716.583   1153.244  17.400  7.66845E-01  7.21970E-01  6.21657E-02
   12723.222   1159.883  17.450  7.64642E-01  7.20873E-01  6.07226E-02
   12729.880   1166.541  17.500  7.54291E-01  7.19777E-01  4.79544E-02
   12736.557   1173.218  17.550  7.38499E-01  7.18680E-01  2.75772E-02
   12743.253   1179.914  17.600  7.21251E-01  7.17584E-01  5.11078E-03
   12749.968   1186.629  17.650  7.06699E-01  7.16487E-01 -1.36599E-02
   12756.702   1193.363  17.700  6.98036E-01  7.15391E-01 -2.42570E-02
   12763.456   1200.117  17.750  6.96665E-01  7.14294E-01 -2.46772E-02
   12770.228   1206.889  17.800  7.01893E-01  7.13197E-01 -1.58472E-02
   12777.019   1213.680  17.850  7.11195E-01  7.12101E-01 -1.27195E-03
   12783.829   1220.490  17.900  7.20958E-01  7.11004E-01  1.39968E-02
   12790.659   1227.320  17.950  7.27499E-01  7.09908E-01  2.47723E-02
   12797.507   1234.168  18.000  7.28054E-01  7.08811E-01  2.71392E-02
   12804.375   1241.036  18.050  7.21478E-01  7.07729E-01  1.94190E-02
   12811.261   1247.922  18.100  7.08610E-01  7.06648E-01  2.77569E-03
   12818.167   1254.828  18.150  6.92061E-01  7.05566E-01 -1.91335E-02
   12825.092   1261.753  18.200  6.75507E-01  7.04484E-01 -4.11155E-02
   12832.035   1268.696  18.250  6.62763E-01  7.03403E-01 -5.77501E-02
   12838.998   1275.659  18.300  6.56833E-01  7.02321E-01 -6.47379E-02
   12845.980   1282.641  18.350  6.59176E-01  7.01239E-01 -5.99546E-02
   12852.981   1289.642  18.400  6.69362E-01  7.00158E-01 -4.39610E-02
   12860.001   1296.662  18.450  6.85190E-01  6.99076E-01 -1.98519E-02
   12867.039   1303.700  18.500  7.03239E-01  6.97994E-01  7.50896E-03
   12874.097   1310.758  18.550  7.19695E-01  6.96913E-01  3.26699E-02
   12881.174   1317.836  18.600  7.31263E-01  6.95831E-01  5.08883E-02
   12888.271   1324.932  18.650  7.35917E-01  6.94749E-01  5.92165E-02
   12895.386   1332.047  18.700  7.33305E-01  6.93668E-01  5.71020E-02
   12902.520   1339.181  18.750  7.24718E-01  6.92586E-01  4.63611E-02
   12909.673   1346.334  18.800  7.12644E-01  6.91504E-01  3.05479E-02
   12916.845   1353.506  18.850  7.00033E-01  6.90423E-01  1.39088E-02
   12924.037   1360.698  18.900  6.89495E-01  6.89341E-01  2.22900E-04
   12931.247   1367.908  18.950  6.82648E-01  6.88260E-01 -8.14634E-03
   12938.477   1375.138  19.000  6.79798E-01  6.87178E-01 -1.07301E-02
   12945.725   1382.386  19.050  6.80049E-01  6.86112E-01 -8.82975E-03
   12952.993   1389.654  19.100  6.81660E-01  6.85046E-01 -4.93933E-03
   12960.279   1396.940  19.150  6.82702E-01  6.83981E-01 -1.86767E-03
   12967.585   1404.246  19.200  6.81698E-01  6.82915E-01 -1.78077E-03
   12974.910   1411.571  19.250  6.78062E-01  6.81849E-01 -5.54908E-03
   12982.253   1418.914  19.300  6.72231E-01  6.80783E-01 -1.25526E-02
   12989.616   1426.277  19.350  6.65453E-01  6.79718E-01 -2.09698E-02
   12996.998   1433.659  19.400  6.59351E-01  6.78652E-01 -2.84196E-02
   13004.399   1441.060  19.450  6.55397E-01  6.77586E-01 -3.27236E-02
   13011.819   1448.480  19.500  6.54494E-01  6.76520E-01 -3.25352E-02
   13019.258   1455.919  19.550  6.56764E-01  6.75455E-01 -2.76516E-02
   13026.716   1463.377  19.600  6.61602E-01  6.74389E-01 -1.89474E-02
   13034.193   1470.854  19.650  6.67930E-01  6.73323E-01 -8.00401E-03
   13041.689   1478.350  19.700  6.74544E-01  6.72257E-01  3.39952E-03
   13049.204   1485.865  19.750  6.80420E-01  6.71191E-01  1.37415E-02
   13056.738   1493.399  19.800  6.84890E-01  6.70126E-01  2.20193E-02
   13064.292   1500.953  19.850  6.87652E-01  6.69060E-01  2.77715E-02
   13071.864   1508.525  19.900  6.88660E-01  6.67994E-01  3.09191E-02
   13079.455   1516.117  19.950  6.87980E-01  6.66928E-01  3.15469E-02
   13087.066   1523.727  20.000  6.85684E-01  6.65863E-01  2.97523E-02
