# beta-PtO2, orthorhombic, PDF# 43-1045        Feff8L (EXAFS)       0.1
# POT  Non-SCF, core-hole, AFOLP (folp(0)= 1.150)
# Abs   Z=78 Rmt= 1.303 Rnm= 1.388 L3 shell
# Pot 1 Z=78 Rmt= 1.307 Rnm= 1.400
# Pot 2 Z= 8 Rmt= 0.993 Rnm= 1.061
# Gam_ch=5.171E+00 H-L exch
# Mu= 6.451E+00 kf=2.428E+00 Vint=-1.600E+01 Rs_int= 1.494
# PATH  Rmax=10.000,  Keep_limit= 0.00, Heap_limit 0.00  Pwcrit= 2.50%
#  S02=1.000                                        Global_sig2= 0.00000
#  Curved wave amplitude ratio filter   4.000%
#     file         sig2 tot  cw amp ratio   deg  nlegs   reff  inp sig2
#           1       0.00000    100.00      2.00     2   1.9891
#           2       0.00000    196.90      4.00     2   2.0034
#           3       0.00000     40.78      2.00     2   3.1360
#           4       0.00000     30.79      2.00     2   3.1837
#           5       0.00000     10.30      4.00     3   3.2504
#           6       0.00000     23.68      8.00     3   3.3775
#           7       0.00000     24.34      8.00     3   3.4375
#           8       0.00000    125.80      8.00     2   3.5545
#           9       0.00000     11.48      4.00     3   3.5714
#          10       0.00000      6.21      8.00     3   3.5714
#          11       0.00000     20.87      2.00     2   3.6504
#          12       0.00000     39.68      4.00     2   3.7136
#          13       0.00000     15.86      8.00     3   3.7735
#          14       0.00000     15.91      8.00     3   3.7735
#          15       0.00000     35.93      4.00     2   3.8406
#          16       0.00000      5.44      8.00     3   3.9748
#          17       0.00000     11.82      2.00     3   3.9782
#          18       0.00000     32.30      2.00     4   3.9782
#          19       0.00000      7.17      2.00     4   3.9782
#          20       0.00000      4.90      4.00     4   3.9925
#          21       0.00000      4.89      4.00     4   3.9925
#          22       0.00000     12.08      8.00     4   3.9925
#          23       0.00000     12.27      8.00     4   3.9925
#          24       0.00000     22.97      4.00     3   4.0068
#          25       0.00000     62.39      4.00     4   4.0068
#          26       0.00000     13.88      4.00     4   4.0068
#          27       0.00000      4.57      4.00     4   4.0068
#          28       0.00000      5.16      4.00     4   4.0068
#          29       0.00000      6.46      8.00     3   4.2398
#          30       0.00000      5.24      8.00     3   4.2682
#          31       0.00000     25.58      4.00     2   4.2933
#          32       0.00000      7.28      8.00     3   4.2992
#          33       0.00000      5.41      8.00     3   4.2998
#          34       0.00000      6.03      8.00     3   4.3561
#          36       0.00000     11.70      2.00     2   4.4165
#          38       0.00000      5.02      8.00     3   4.4194
#          39       0.00000     21.76      4.00     3   4.4498
#          40       0.00000     22.55      4.00     2   4.4688
#          41       0.00000     11.09      2.00     4   4.4831
#          42       0.00000     18.05      2.00     2   4.4839
#          43       0.00000      4.16      4.00     4   4.4974
#          44       0.00000     11.92      8.00     3   4.5224
#          45       0.00000     17.49      2.00     2   4.5385
#          46       0.00000      4.08      8.00     3   4.6042
#          47       0.00000     17.03      8.00     3   4.6174
#          48       0.00000      4.07      8.00     3   4.6358
#          49       0.00000      4.04      8.00     3   4.6921
#          53       0.00000      6.56      4.00     4   4.7659
#          54       0.00000     17.77      4.00     2   4.8125
#          55       0.00000     30.23      8.00     3   4.8492
#          59       0.00000     17.13      4.00     2   4.8665
#          60       0.00000      4.55      8.00     3   4.8666
#          63       0.00000     14.49      4.00     4   4.8859
#          64       0.00000      4.41      8.00     3   4.9184
#          65       0.00000      4.99      8.00     3   4.9872
#          66       0.00000      6.67      8.00     3   5.0029
#          67       0.00000     13.47      8.00     3   5.0029
#          68       0.00000     24.40      8.00     3   5.0029
#          69       0.00000      5.30      8.00     3   5.0134
#          70       0.00000      4.76      8.00     4   5.0205
#          71       0.00000      5.36     16.00     3   5.1225
#          75       0.00000      5.33      4.00     4   5.1394
#          76       0.00000      6.87      4.00     4   5.1394
#          78       0.00000     12.89      8.00     4   5.1394
#          79       0.00000      4.06      8.00     3   5.1852
#          80       0.00000      7.45      8.00     3   5.1852
#          85       0.00000      6.25      8.00     4   5.2219
#          88       0.00000     12.08      4.00     2   5.4008
#          89       0.00000     11.95      4.00     2   5.4166
#          91       0.00000      6.96      8.00     4   5.4383
#          93       0.00000     20.84      4.00     2   5.4717
#          94       0.00000      7.59      8.00     3   5.4722
#          95       0.00000     28.01      8.00     3   5.4722
#          96       0.00000      7.55      8.00     3   5.4872
#          97       0.00000     27.85      8.00     3   5.4872
#          99       0.00000     20.35      4.00     2   5.5166
#         100       0.00000      7.39      8.00     4   5.5436
#         102       0.00000     18.52      4.00     4   5.5436
#         103       0.00000     11.00      4.00     2   5.5490
#         104       0.00000      7.41      8.00     4   5.5579
#         106       0.00000     18.46      4.00     4   5.5579
#         111       0.00000      5.82      8.00     3   5.6578
#         112       0.00000      6.33      8.00     3   5.6578
#         113       0.00000     37.26      8.00     2   5.6836
#         115       0.00000      4.23      8.00     4   5.6912
#         116       0.00000     11.18      8.00     4   5.6912
#         117       0.00000     31.52      8.00     3   5.7003
#         118       0.00000     28.46      8.00     3   5.7003
#         120       0.00000     11.05      8.00     4   5.7062
#         123       0.00000     13.80      4.00     4   5.7170
#         124       0.00000     11.22      4.00     4   5.7170
#         126       0.00000      6.63      8.00     3   5.7476
#         128       0.00000      5.19      8.00     4   5.7626
#         130       0.00000      5.15      8.00     4   5.7769
#         131       0.00000      9.49      4.00     2   5.7869
#         133       0.00000      4.96      8.00     4   5.8049
#         140       0.00000      9.04      4.00     2   5.8668
#         142       0.00000      4.43      2.00     2   5.8990
#         147       0.00000      5.73      8.00     3   6.0220
#         148       0.00000      4.21      8.00     3   6.0607
#         153       0.00000      7.53      4.00     2   6.1726
#         156       0.00000      4.48      8.00     3   6.1886
#         159       0.00000      6.90      2.00     2   6.2720
#         161       0.00000     27.90      4.00     3   6.2720
#         162       0.00000      4.60      2.00     4   6.2720
#         163       0.00000     29.20      2.00     4   6.2720
#         164       0.00000      4.33      8.00     4   6.2824
#         166       0.00000      5.70      8.00     3   6.3244
#         167       0.00000     13.08      4.00     2   6.3799
#         169       0.00000      4.66      4.00     3   6.3852
#         171       0.00000     11.12      4.00     3   6.3927
#         172       0.00000      9.95      4.00     3   6.3927
#         174       0.00000      5.54      4.00     3   6.4031
#         175       0.00000      5.84      4.00     4   6.4056
#         176       0.00000      4.83      2.00     4   6.4056
#         177       0.00000      8.12      4.00     4   6.4056
#         179       0.00000      4.79      8.00     3   6.4117
#         181       0.00000      7.65      4.00     4   6.4260
#         182       0.00000      6.43      4.00     2   6.4442
#         183       0.00000      6.13      8.00     4   6.4722
#         184       0.00000      8.67      8.00     3   6.4897
#         189       0.00000      4.42      8.00     4   6.5709
#         190       0.00000      5.95      4.00     2   6.5799
#         192       0.00000      7.12      8.00     3   6.5912
#         193       0.00000      4.77      8.00     4   6.6367
#         194       0.00000      5.62      4.00     2   6.6808
#         195       0.00000      8.10      8.00     3   6.7019
#         197       0.00000      6.98      8.00     3   6.7147
#         198       0.00000      4.65      8.00     3   6.7147
#         200       0.00000      4.20     16.00     3   6.7445
#         202       0.00000      4.84      8.00     3   6.8005
#         204       0.00000      8.43      8.00     4   6.8159
#         206       0.00000      4.66      8.00     4   6.8372
#         210       0.00000      4.75      8.00     4   6.8699
#         211       0.00000      4.97      8.00     4   6.8699
#         212       0.00000      4.92      4.00     2   6.9215
#         215       0.00000      4.74      4.00     2   6.9862
#         216       0.00000      4.74      4.00     2   6.9884
#         217       0.00000      6.26      8.00     3   7.0210
#         218       0.00000      4.22      8.00     3   7.0228
#         219       0.00000      6.39      8.00     3   7.0287
#         220       0.00000      4.62      4.00     2   7.0338
#         221       0.00000      5.46      8.00     3   7.0632
#         222       0.00000      4.45      4.00     2   7.1035
#         223       0.00000     18.47      8.00     2   7.1090
#         224       0.00000      6.18      8.00     3   7.1090
#         225       0.00000     69.54     16.00     3   7.1090
#         226       0.00000     10.28      8.00     4   7.1090
#         228       0.00000     68.41      8.00     4   7.1090
#         230       0.00000      4.39      4.00     2   7.1283
#         231       0.00000      5.30      8.00     3   7.1282
#         232       0.00000      4.07      8.00     3   7.1311
#         235       0.00000      4.99      8.00     3   7.1674
#         241       0.00000      4.83      8.00     4   7.2566
#         242       0.00000      4.89      8.00     4   7.2566
#         243       0.00000      4.10      4.00     2   7.2570
#         246       0.00000      4.80      8.00     4   7.2574
#         247       0.00000      4.90      8.00     4   7.2574
#         248       0.00000      5.09      8.00     3   7.2617
#         250       0.00000     17.16      8.00     2   7.2695
#         251       0.00000      6.43      8.00     3   7.2749
#         252       0.00000      4.02      4.00     2   7.2909
#         257       0.00000      4.80      8.00     4   7.3280
#         258       0.00000      4.81      8.00     4   7.3280
#         259       0.00000     16.64      8.00     2   7.3369
#         264       0.00000      7.27      8.00     3   7.3830
#         265       0.00000      5.55      8.00     3   7.4069
#         266       0.00000      5.26      8.00     3   7.4069
#         272       0.00000      4.17      4.00     4   7.4751
#         274       0.00000      4.45      8.00     4   7.5691
#         280       0.00000     12.82      8.00     3   7.6790
#         281       0.00000      5.20      8.00     4   7.6870
#         282       0.00000     12.77      4.00     4   7.6870
#         285       0.00000     11.03      8.00     4   7.6957
#         286       0.00000      7.93      8.00     4   7.7037
#         287       0.00000      7.04      4.00     2   7.7100
#         290       0.00000      4.38      8.00     3   7.7376
#         291       0.00000      6.94      4.00     2   7.7418
#         293       0.00000      4.37      8.00     3   7.7901
#         297       0.00000      4.21      8.00     3   7.8670
#         298       0.00000      4.17      8.00     4   7.9003
#         299       0.00000      4.16      8.00     3   7.9231
#         300       0.00000      6.81      8.00     3   7.9705
#         302       0.00000      4.42      4.00     4   8.0025
#         305       0.00000      5.19      8.00     4   8.1070
#         309       0.00000      4.48      4.00     3   8.3623
#         311       0.00000      4.47      2.00     4   8.3690
#         313       0.00000     10.19      8.00     2   8.4641
#         314       0.00000      9.98      8.00     2   8.5155
#         317       0.00000      4.09      8.00     3   8.5237
#         319       0.00000      9.74      8.00     2   8.5732
#         325       0.00000      4.20     16.00     3   8.6419
#         330       0.00000      4.44      8.00     3   8.9400
#         331       0.00000      8.37      8.00     2   8.9466
#         332       0.00000      4.41      8.00     3   8.9558
#         333       0.00000      6.92      4.00     3   8.9678
#         334       0.00000      6.12      2.00     4   8.9678
#         335       0.00000      5.55      8.00     3   8.9692
#         336       0.00000      4.95      8.00     3   8.9692
#         338       0.00000      5.07      8.00     4   9.0114
#         339       0.00000      5.03      8.00     4   9.0265
#         340       0.00000      4.07      8.00     4   9.0267
#         341       0.00000      4.04      8.00     4   9.0417
#         342       0.00000      6.59      4.00     3   9.0770
#         343       0.00000      5.79      2.00     4   9.0770
#         344       0.00000      4.56     16.00     3   9.0923
#         345       0.00000      4.36     16.00     3   9.0923
#         347       0.00000      6.29      4.00     3   9.4080
#         348       0.00000      5.67      4.00     3   9.4080
#         349       0.00000     10.78      4.00     4   9.4080
#         350       0.00000      5.90      2.00     4   9.4080
#         351       0.00000     10.86      4.00     4   9.4080
#         352       0.00000      4.81      2.00     4   9.4080
#         356       0.00000      6.24      8.00     2   9.6975
#   214/ 302 paths used
#  -----------------------------------------------------------------------
#       k          chi          mag           phase @#
     0.0000   -2.308681E-01  3.956796E-01 -2.518595E+00
     0.0500   -2.317037E-01  3.948106E-01 -2.514401E+00
     0.1000   -2.325229E-01  3.939361E-01 -2.510217E+00
     0.1500   -2.348798E-01  3.912919E-01 -2.497757E+00
     0.2000   -2.370899E-01  3.886010E-01 -2.485391E+00
     0.2500   -2.404468E-01  3.840536E-01 -2.465082E+00
     0.3000   -2.433987E-01  3.793907E-01 -2.445073E+00
     0.3500   -2.468640E-01  3.727610E-01 -2.417764E+00
     0.4000   -2.495614E-01  3.659493E-01 -2.391159E+00
     0.4500   -2.519629E-01  3.570950E-01 -2.358336E+00
     0.5000   -2.532012E-01  3.480452E-01 -2.326929E+00
     0.5500   -2.533089E-01  3.369997E-01 -2.291019E+00
     0.6000   -2.519761E-01  3.258754E-01 -2.257676E+00
     0.6500   -2.489584E-01  3.130654E-01 -2.222209E+00
     0.7000   -2.445585E-01  3.005189E-01 -2.190953E+00
     0.7500   -2.384226E-01  2.869514E-01 -2.160902E+00
     0.8000   -2.315177E-01  2.743089E-01 -2.136888E+00
     0.8500   -2.237222E-01  2.618229E-01 -2.117045E+00
     0.9000   -2.163613E-01  2.512105E-01 -2.103820E+00
     0.9500   -2.096991E-01  2.422348E-01 -2.095075E+00
     1.0000   -2.049349E-01  2.359908E-01 -2.089622E+00
     1.0500   -2.026308E-01  2.324920E-01 -2.083217E+00
     1.1000   -2.031864E-01  2.317211E-01 -2.072306E+00
     1.1500   -2.070991E-01  2.335438E-01 -2.051288E+00
     1.2000   -2.134343E-01  2.368236E-01 -2.018976E+00
     1.2500   -2.222125E-01  2.412485E-01 -1.970712E+00
     1.3000   -2.312196E-01  2.452259E-01 -1.910407E+00
     1.3500   -2.399226E-01  2.485038E-01 -1.834357E+00
     1.4000   -2.457503E-01  2.497612E-01 -1.750250E+00
     1.4500   -2.481024E-01  2.489669E-01 -1.654158E+00
     1.5000   -2.454413E-01  2.454691E-01 -1.555750E+00
     1.5500   -2.377749E-01  2.394951E-01 -1.450868E+00
     1.6000   -2.255339E-01  2.311667E-01 -1.349587E+00
     1.6500   -2.094593E-01  2.209068E-01 -1.247456E+00
     1.7000   -1.915360E-01  2.094615E-01 -1.154076E+00
     1.7500   -1.725064E-01  1.972725E-01 -1.064316E+00
     1.8000   -1.544952E-01  1.852781E-01 -9.860559E-01
     1.8500   -1.373559E-01  1.735778E-01 -9.129684E-01
     1.9000   -1.224585E-01  1.628330E-01 -8.511657E-01
     1.9500   -1.089595E-01  1.525986E-01 -7.952330E-01
     2.0000   -9.801182E-02  1.434002E-01 -7.525255E-01
     2.0500   -8.897938E-02  1.346105E-01 -7.221686E-01
     2.1000   -8.398853E-02  1.280244E-01 -7.155534E-01
     2.1500   -8.356172E-02  1.250948E-01 -7.315005E-01
     2.2000   -8.756869E-02  1.274129E-01 -7.577416E-01
     2.2500   -9.570202E-02  1.367217E-01 -7.753649E-01
     2.3000   -1.046918E-01  1.530143E-01 -7.535012E-01
     2.3500   -1.097759E-01  1.741164E-01 -6.821644E-01
     2.4000   -1.058562E-01  1.973307E-01 -5.662141E-01
     2.4500   -8.731720E-02  2.227670E-01 -4.027681E-01
     2.5000   -5.117571E-02  2.452880E-01 -2.101792E-01
     2.5500    3.548540E-04  2.627750E-01  1.350410E-03
     2.6000    6.076447E-02  2.737504E-01  2.238348E-01
     2.6500    1.260929E-01  2.754723E-01  4.754442E-01
     2.7000    1.767961E-01  2.672079E-01  7.230073E-01
     2.7500    2.044730E-01  2.503172E-01  9.559386E-01
     2.8000    2.087602E-01  2.275455E-01  1.161608E+00
     2.8500    2.000629E-01  2.073863E-01  1.304253E+00
     2.9000    1.899592E-01  1.923557E-01  1.412778E+00
     2.9500    1.841507E-01  1.845514E-01  1.504890E+00
     3.0000    1.830306E-01  1.831442E-01  1.606019E+00
     3.0500    1.803154E-01  1.827570E-01  1.734441E+00
     3.1000    1.755242E-01  1.840544E-01  1.876438E+00
     3.1500    1.660867E-01  1.856858E-01  2.034392E+00
     3.2000    1.499074E-01  1.864124E-01  2.207313E+00
     3.2500    1.258876E-01  1.860172E-01  2.398250E+00
     3.3000    9.466722E-02  1.832753E-01  2.598799E+00
     3.3500    5.869001E-02  1.778646E-01  2.805321E+00
     3.4000    2.159122E-02  1.697797E-01  3.014075E+00
     3.4500   -1.368356E-02  1.590705E-01  3.227721E+00
     3.5000   -4.232705E-02  1.460727E-01  3.435576E+00
     3.5500   -6.197488E-02  1.314858E-01  3.632405E+00
     3.6000   -7.218455E-02  1.161649E-01  3.812118E+00
     3.6500   -7.434841E-02  1.006679E-01  3.972512E+00
     3.7000   -7.060962E-02  8.635932E-02  4.098868E+00
     3.7500   -6.420672E-02  7.432870E-02  4.184399E+00
     3.8000   -5.799583E-02  6.546084E-02  4.230157E+00
     3.8500   -5.363133E-02  5.996543E-02  4.248615E+00
     3.9000   -5.208449E-02  5.769588E-02  4.267694E+00
     3.9500   -5.289780E-02  5.747788E-02  4.310480E+00
     4.0000   -5.490348E-02  5.801188E-02  4.383550E+00
     4.0500   -5.677363E-02  5.834986E-02  4.479426E+00
     4.1000   -5.754424E-02  5.799054E-02  4.588244E+00
     4.1500   -5.686098E-02  5.686668E-02  4.698230E+00
     4.2000   -5.504296E-02  5.525224E-02  4.799454E+00
     4.2500   -5.294906E-02  5.372156E-02  4.882179E+00
     4.3000   -5.148367E-02  5.295366E-02  4.948564E+00
     4.3500   -5.120470E-02  5.352186E-02  5.007719E+00
     4.4000   -5.203276E-02  5.564816E-02  5.074838E+00
     4.4500   -5.353958E-02  5.945941E-02  5.162407E+00
     4.5000   -5.403925E-02  6.409387E-02  5.280114E+00
     4.5500   -5.203035E-02  6.882467E-02  5.426029E+00
     4.6000   -4.642324E-02  7.301220E-02  5.594104E+00
     4.6500   -3.690764E-02  7.644018E-02  5.779302E+00
     4.7000   -2.400606E-02  7.856168E-02  5.972649E+00
     4.7500   -9.115834E-03  7.933799E-02  6.168032E+00
     4.8000    6.096372E-03  7.892328E-02  6.360507E+00
     4.8500    2.032205E-02  7.781268E-02  6.547416E+00
     4.9000    3.268797E-02  7.626698E-02  6.726127E+00
     4.9500    4.303557E-02  7.466195E-02  6.897509E+00
     5.0000    5.159066E-02  7.325863E-02  7.064518E+00
     5.0500    5.881217E-02  7.239128E-02  7.231477E+00
     5.1000    6.454123E-02  7.165422E-02  7.404636E+00
     5.1500    6.826091E-02  7.078929E-02  7.585908E+00
     5.2000    6.932124E-02  6.953769E-02  7.775060E+00
     5.2500    6.736584E-02  6.782008E-02  7.969785E+00
     5.3000    6.217838E-02  6.534900E-02  8.166762E+00
     5.3500    5.427900E-02  6.215393E-02  8.362844E+00
     5.4000    4.458658E-02  5.834116E-02  8.554918E+00
     5.4500    3.434059E-02  5.425502E-02  8.739423E+00
     5.5000    2.443769E-02  4.995452E-02  8.913607E+00
     5.5500    1.563805E-02  4.559583E-02  9.074700E+00
     5.6000    8.458231E-03  4.135228E-02  9.218783E+00
     5.6500    3.046308E-03  3.758203E-02  9.343631E+00
     5.7000   -7.038035E-04  3.436823E-02  9.445258E+00
     5.7500   -3.233803E-03  3.197998E-02  9.526071E+00
     5.8000   -5.223487E-03  3.055483E-02  9.596576E+00
     5.8500   -7.352857E-03  3.003787E-02  9.672077E+00
     5.9000   -9.961855E-03  3.003374E-02  9.762871E+00
     5.9500   -1.296149E-02  3.012820E-02  9.869505E+00
     6.0000   -1.593149E-02  3.006021E-02  9.983362E+00
     6.0500   -1.879005E-02  3.014969E-02  1.009764E+01
     6.1000   -2.138270E-02  3.047078E-02  1.020262E+01
     6.1500   -2.422761E-02  3.145937E-02  1.030381E+01
     6.2000   -2.795439E-02  3.337169E-02  1.041778E+01
     6.2500   -3.271887E-02  3.606371E-02  1.056148E+01
     6.3000   -3.778273E-02  3.903204E-02  1.074188E+01
     6.3500   -4.160270E-02  4.163641E-02  1.095533E+01
     6.4000   -4.247434E-02  4.331131E-02  1.119249E+01
     6.4500   -3.940758E-02  4.369302E-02  1.144218E+01
     6.5000   -3.272025E-02  4.268031E-02  1.169279E+01
     6.5500   -2.385135E-02  4.033897E-02  1.193373E+01
     6.6000   -1.513831E-02  3.732402E-02  1.214874E+01
     6.6500   -8.053285E-03  3.434135E-02  1.232966E+01
     6.7000   -2.805472E-03  3.210817E-02  1.247888E+01
     6.7500    1.508171E-03  3.104748E-02  1.261497E+01
     6.8000    6.127217E-03  3.104537E-02  1.276504E+01
     6.8500    1.173517E-02  3.154493E-02  1.294755E+01
     6.9000    1.798288E-02  3.189148E-02  1.316544E+01
     6.9500    2.365431E-02  3.159869E-02  1.341230E+01
     7.0000    2.729314E-02  3.042226E-02  1.367963E+01
     7.0500    2.775618E-02  2.823866E-02  1.395205E+01
     7.1000    2.512266E-02  2.522723E-02  1.422825E+01
     7.1500    2.008375E-02  2.152020E-02  1.450460E+01
     7.2000    1.382046E-02  1.722395E-02  1.477666E+01
     7.2500    7.782799E-03  1.242414E-02  1.503100E+01
     7.3000    3.500998E-03  7.275155E-03  1.520591E+01
     7.3500    2.260470E-03  2.771980E-03  1.475442E+01
     7.4000    4.562150E-03  5.274785E-03  1.361132E+01
     7.4500    9.583638E-03  1.045910E-02  1.372510E+01
     7.5000    1.509103E-02  1.517622E-02  1.403116E+01
     7.5500    1.822199E-02  1.888352E-02  1.440264E+01
     7.6000    1.654324E-02  2.096294E-02  1.479851E+01
     7.6500    1.002643E-02  2.105956E-02  1.521175E+01
     7.7000    1.273521E-03  1.899995E-02  1.564089E+01
     7.7500   -5.549746E-03  1.483403E-02  1.609141E+01
     7.8000   -6.887830E-03  8.864506E-03  1.659787E+01
     7.8500   -1.895225E-03  2.130533E-03  1.775319E+01
     7.9000    6.824067E-03  7.049641E-03  2.016670E+01
     7.9500    1.439596E-02  1.509529E-02  2.072593E+01
     8.0000    1.618953E-02  2.251914E-02  2.118890E+01
     8.0500    1.001484E-02  2.863678E-02  2.163388E+01
     8.1000   -2.235004E-03  3.295242E-02  2.205903E+01
     8.1500   -1.608262E-02  3.522188E-02  2.246533E+01
     8.2000   -2.683915E-02  3.546877E-02  2.284940E+01
     8.2500   -3.184221E-02  3.398451E-02  2.320498E+01
     8.3000   -3.127338E-02  3.129636E-02  2.352362E+01
     8.3500   -2.732569E-02  2.809461E-02  2.379644E+01
     8.4000   -2.251725E-02  2.509762E-02  2.401938E+01
     8.4500   -1.832805E-02  2.283544E-02  2.420108E+01
     8.5000   -1.489961E-02  2.143135E-02  2.436401E+01
     8.5500   -1.165893E-02  2.062638E-02  2.453201E+01
     8.6000   -8.243067E-03  2.002847E-02  2.470857E+01
     8.6500   -4.766057E-03  1.945808E-02  2.488528E+01
     8.7000   -1.513446E-03  1.904480E-02  2.505319E+01
     8.7500    1.604733E-03  1.907656E-02  2.521696E+01
     8.8000    5.162635E-03  1.970048E-02  2.539789E+01
     8.8500    9.680633E-03  2.071686E-02  2.561896E+01
     8.9000    1.486579E-02  2.165945E-02  2.588919E+01
     8.9500    1.933903E-02  2.203033E-02  2.620407E+01
     9.0000    2.123386E-02  2.147534E-02  2.655343E+01
     9.0500    1.935400E-02  1.986957E-02  2.693184E+01
     9.1000    1.402763E-02  1.724259E-02  2.732411E+01
     9.1500    7.307696E-03  1.386400E-02  2.771915E+01
     9.2000    1.750670E-03  1.014436E-02  2.810089E+01
     9.2500   -1.060714E-03  6.577958E-03  2.843629E+01
     9.3000   -1.323132E-03  3.708955E-03  2.863911E+01
     9.3500   -5.942239E-04  2.122557E-03  2.855808E+01
     9.4000   -4.728948E-04  1.769380E-03  2.854489E+01
     9.4500   -1.342411E-03  1.657855E-03  2.921802E+01
     9.5000   -2.080931E-03  2.441349E-03  3.039543E+01
     9.5500   -8.828389E-04  4.830931E-03  3.123215E+01
     9.6000    3.240326E-03  8.185153E-03  3.182295E+01
     9.6500    9.478101E-03  1.194535E-02  3.233239E+01
     9.7000    1.540393E-02  1.565523E-02  3.280731E+01
     9.7500    1.821305E-02  1.892625E-02  3.326212E+01
     9.8000    1.620793E-02  2.146310E-02  3.370163E+01
     9.8500    9.628860E-03  2.308584E-02  3.412728E+01
     9.9000    4.316292E-04  2.373320E-02  3.453933E+01
     9.9500   -8.702929E-03  2.344410E-02  3.493784E+01
    10.0000   -1.546807E-02  2.232184E-02  3.532310E+01
    10.0500   -1.869170E-02  2.057296E-02  3.569734E+01
    10.1000   -1.815337E-02  1.819813E-02  3.605816E+01
    10.1500   -1.471441E-02  1.528304E-02  3.640196E+01
    10.2000   -9.925105E-03  1.191525E-02  3.671465E+01
    10.2500   -5.652938E-03  8.272754E-03  3.694681E+01
    10.3000   -3.550435E-03  4.981154E-03  3.690567E+01
    10.3500   -4.369762E-03  4.456592E-03  3.632604E+01
    10.4000   -7.422142E-03  7.427922E-03  3.616777E+01
    10.4500   -1.064266E-02  1.104783E-02  3.639998E+01
    10.5000   -1.149160E-02  1.420519E-02  3.675671E+01
    10.5500   -8.365416E-03  1.643982E-02  3.716526E+01
    10.6000   -1.702570E-03  1.748651E-02  3.760159E+01
    10.6500    6.011817E-03  1.722863E-02  3.805556E+01
    10.7000    1.151247E-02  1.570005E-02  3.852224E+01
    10.7500    1.260574E-02  1.308105E-02  3.899951E+01
    10.8000    9.448389E-03  9.677803E-03  3.948808E+01
    10.8500    4.399321E-03  5.886234E-03  3.999658E+01
    10.9000    5.149522E-04  2.154270E-03  4.059933E+01
    10.9500   -3.253522E-04  1.244896E-03  4.371788E+01
    11.0000    1.572503E-03  3.692911E-03  4.442216E+01
    11.0500    4.224901E-03  5.145189E-03  4.494570E+01
    11.1000    5.459036E-03  5.493802E-03  4.544053E+01
    11.1500    4.460453E-03  4.774382E-03  4.591775E+01
    11.2000    2.179146E-03  3.164740E-03  4.636437E+01
    11.2500    4.799829E-04  9.778241E-04  4.661080E+01
    11.3000    7.149428E-04  1.581566E-03  4.445136E+01
    11.3500    2.803713E-03  3.935036E-03  4.477535E+01
    11.4000    5.458760E-03  5.894861E-03  4.516603E+01
    11.4500    7.276372E-03  7.277634E-03  4.553447E+01
    11.5000    7.753813E-03  8.118498E-03  4.585396E+01
    11.5500    7.401195E-03  8.721276E-03  4.611049E+01
    11.6000    6.904669E-03  9.596560E-03  4.632082E+01
    11.6500    6.129833E-03  1.114331E-02  4.654142E+01
    11.7000    3.942060E-03  1.331273E-02  4.682327E+01
    11.7500   -8.281682E-04  1.567866E-02  4.717674E+01
    11.8000   -7.950310E-03  1.771118E-02  4.758941E+01
    11.8500   -1.511582E-02  1.894547E-02  4.804763E+01
    11.9000   -1.883604E-02  1.905306E-02  4.854361E+01
    11.9500   -1.658660E-02  1.787901E-02  4.907724E+01
    12.0000   -8.808695E-03  1.547286E-02  4.965983E+01
    12.0500    7.079774E-04  1.216752E-02  5.032370E+01
    12.1000    6.872625E-03  8.719605E-03  5.117333E+01
    12.1500    6.121688E-03  7.083428E-03  5.236346E+01
    12.2000   -1.215778E-03  9.125575E-03  5.354070E+01
    12.2500   -1.084496E-02  1.302436E-02  5.439098E+01
    12.3000   -1.686989E-02  1.695224E-02  5.507648E+01
    12.3500   -1.519588E-02  2.015957E-02  5.569487E+01
    12.4000   -5.877069E-03  2.232815E-02  5.628232E+01
    12.4500    7.004654E-03  2.336503E-02  5.685314E+01
    12.5000    1.775360E-02  2.333957E-02  5.741301E+01
    12.5500    2.216976E-02  2.244379E-02  5.796304E+01
    12.6000    1.944510E-02  2.095227E-02  5.850107E+01
    12.6500    1.188578E-02  1.918126E-02  5.902196E+01
    12.7000    2.986423E-03  1.745307E-02  5.951830E+01
    12.7500   -4.641362E-03  1.606805E-02  5.998329E+01
    12.8000   -1.014159E-02  1.527358E-02  6.041641E+01
    12.8500   -1.380979E-02  1.521123E-02  6.082843E+01
    12.9000   -1.585245E-02  1.585683E-02  6.123755E+01
    12.9500   -1.569385E-02  1.701407E-02  6.165759E+01
    13.0000   -1.239964E-02  1.838006E-02  6.209140E+01
    13.0500   -5.796706E-03  1.956750E-02  6.253110E+01
    13.1000    2.827530E-03  2.037142E-02  6.297110E+01
    13.1500    1.110695E-02  2.061783E-02  6.340075E+01
    13.2000    1.680012E-02  2.027180E-02  6.380871E+01
    13.2500    1.900247E-02  1.946888E-02  6.418332E+01
    13.3000    1.840294E-02  1.852043E-02  6.451535E+01
    13.3500    1.641831E-02  1.784772E-02  6.480559E+01
    13.4000    1.393734E-02  1.779224E-02  6.507343E+01
    13.4500    1.071383E-02  1.837509E-02  6.535095E+01
    13.5000    5.904828E-03  1.924683E-02  6.566162E+01
    13.5500   -7.119781E-04  1.988462E-02  6.600926E+01
    13.6000   -7.912741E-03  1.981464E-02  6.638424E+01
    13.6500   -1.340313E-02  1.873004E-02  6.677092E+01
    13.7000   -1.525584E-02  1.653774E-02  6.714792E+01
    13.7500   -1.337196E-02  1.340107E-02  6.747833E+01
    13.8000   -9.803384E-03  9.892075E-03  6.767825E+01
    13.8500   -7.557323E-03  7.564000E-03  6.758626E+01
    13.9000   -8.623178E-03  8.760473E-03  6.736697E+01
    13.9500   -1.256964E-02  1.261936E-02  6.745544E+01
    14.0000   -1.669016E-02  1.705180E-02  6.775056E+01
    14.0500   -1.758209E-02  2.109648E-02  6.812978E+01
    14.1000   -1.318863E-02  2.436557E-02  6.854308E+01
    14.1500   -3.879158E-03  2.672429E-02  6.896937E+01
    14.2000    7.889618E-03  2.820326E-02  6.939856E+01
    14.2500    1.889013E-02  2.894563E-02  6.982606E+01
    14.3000    2.643770E-02  2.914912E-02  7.025110E+01
    14.3500    2.899910E-02  2.900046E-02  7.067615E+01
    14.4000    2.612691E-02  2.861655E-02  7.110605E+01
    14.4500    1.826317E-02  2.801394E-02  7.154650E+01
    14.5000    6.822472E-03  2.711854E-02  7.200232E+01
    14.5500   -5.623735E-03  2.580727E-02  7.247631E+01
    14.6000   -1.566054E-02  2.395854E-02  7.296903E+01
    14.6500   -2.020187E-02  2.149145E-02  7.347925E+01
    14.7000   -1.809889E-02  1.838635E-02  7.400449E+01
    14.7500   -1.110201E-02  1.468963E-02  7.454139E+01
    14.8000   -3.233934E-03  1.050927E-02  7.508543E+01
    14.8500    1.365543E-03  6.007150E-03  7.562755E+01
    14.9000    8.819790E-04  1.397047E-03  7.608147E+01
    14.9500   -3.092012E-03  3.118389E-03  7.369727E+01
    15.0000   -6.680146E-03  7.226164E-03  7.421866E+01
    15.0500   -6.352440E-03  1.063544E-02  7.475811E+01
    15.1000   -1.386747E-03  1.313747E-02  7.529247E+01
    15.1500    5.847607E-03  1.455907E-02  7.581154E+01
    15.2000    1.166645E-02  1.482577E-02  7.630400E+01
    15.2500    1.368565E-02  1.401535E-02  7.675169E+01
    15.3000    1.229790E-02  1.244428E-02  7.712255E+01
    15.3500    9.965568E-03  1.081833E-02  7.736873E+01
    15.4000    8.979007E-03  1.029573E-02  7.748032E+01
    15.4500    9.505106E-03  1.168624E-02  7.758991E+01
    15.5000    9.484854E-03  1.442935E-02  7.782255E+01
    15.5500    6.438100E-03  1.742362E-02  7.816134E+01
    15.6000   -3.112138E-04  1.985399E-02  7.855549E+01
    15.6500   -8.825477E-03  2.124860E-02  7.896814E+01
    15.7000   -1.585290E-02  2.143932E-02  7.937204E+01
    15.7500   -1.920017E-02  2.058889E-02  7.974123E+01
    15.8000   -1.922938E-02  1.926659E-02  8.004845E+01
    15.8500   -1.820819E-02  1.847329E-02  8.028023E+01
    15.9000   -1.800626E-02  1.927018E-02  8.047481E+01
    15.9500   -1.806634E-02  2.191661E-02  8.071241E+01
    16.0000   -1.547902E-02  2.566705E-02  8.103406E+01
    16.0500   -7.342966E-03  2.948622E-02  8.142973E+01
    16.1000    6.292409E-03  3.249633E-02  8.187627E+01
    16.1500    2.129478E-02  3.412514E-02  8.235529E+01
    16.2000    3.140524E-02  3.406589E-02  8.285436E+01
    16.2500    3.204794E-02  3.225171E-02  8.336468E+01
    16.3000    2.335453E-02  2.882869E-02  8.387865E+01
    16.3500    1.018053E-02  2.412208E-02  8.438731E+01
    16.4000   -9.737719E-04  1.859890E-02  8.487538E+01
    16.4500   -5.980492E-03  1.284806E-02  8.530718E+01
    16.5000   -5.230664E-03  7.683462E-03  8.557181E+01
    16.5500   -2.537749E-03  4.843345E-03  8.537450E+01
    16.6000   -1.843885E-03  6.010505E-03  8.513481E+01
    16.6500   -4.321827E-03  8.233871E-03  8.537558E+01
    16.7000   -7.983550E-03  9.651580E-03  8.579706E+01
    16.7500   -9.829654E-03  9.908787E-03  8.626733E+01
    16.8000   -8.573855E-03  9.073091E-03  8.672707E+01
    16.8500   -5.633719E-03  7.473492E-03  8.711073E+01
    16.9000   -3.626084E-03  5.877918E-03  8.729980E+01
    16.9500   -3.752212E-03  5.805785E-03  8.726188E+01
    17.0000   -4.430258E-03  7.953522E-03  8.737380E+01
    17.0500   -2.531684E-03  1.117269E-02  8.773601E+01
    17.1000    3.746810E-03  1.449897E-02  8.822598E+01
    17.1500    1.259948E-02  1.740730E-02  8.877389E+01
    17.2000    1.920842E-02  1.954355E-02  8.934994E+01
    17.2500    1.897450E-02  2.064206E-02  8.994010E+01
    17.3000    1.105765E-02  2.051696E-02  9.053700E+01
    17.3500   -5.718057E-04  1.907534E-02  9.113617E+01
    17.4000   -9.597780E-03  1.633381E-02  9.173428E+01
    17.4500   -1.167637E-02  1.242939E-02  9.232711E+01
    17.5000   -7.427048E-03  7.620097E-03  9.290256E+01
    17.5500   -1.812038E-03  2.297021E-03  9.333882E+01
    17.6000   -3.074286E-04  3.299466E-03  9.119950E+01
    17.6500   -4.715560E-03  8.417971E-03  9.170079E+01
    17.7000   -1.177773E-02  1.276923E-02  9.228031E+01
    17.7500   -1.564762E-02  1.595667E-02  9.287412E+01
    17.8000   -1.236272E-02  1.770968E-02  9.347507E+01
    17.8500   -2.935097E-03  1.790299E-02  9.408309E+01
    17.9000    7.265650E-03  1.657334E-02  9.470159E+01
    17.9500    1.235469E-02  1.392194E-02  9.533951E+01
    18.0000    1.009992E-02  1.031105E-02  9.602129E+01
    18.0500    3.333908E-03  6.312348E-03  9.683294E+01
    18.1000   -2.366451E-03  3.328167E-03  9.818034E+01
    18.1500   -2.842232E-03  4.535270E-03  9.985366E+01
    18.2000    1.815047E-03  7.378709E-03  1.007795E+02
    18.2500    7.771249E-03  9.578643E-03  1.014774E+02
    18.3000    1.067079E-02  1.067084E-02  1.020987E+02
    18.3500    8.910551E-03  1.057917E-02  1.026711E+02
    18.4000    4.435211E-03  9.452742E-03  1.031842E+02
    18.4500    6.321118E-04  7.698382E-03  1.035904E+02
    18.5000   -7.420181E-04  6.186792E-03  1.037928E+02
    18.5500   -9.580822E-04  6.324288E-03  1.038246E+02
    18.6000   -2.860793E-03  8.407196E-03  1.040198E+02
    18.6500   -7.821422E-03  1.132676E-02  1.044348E+02
    18.7000   -1.375936E-02  1.429837E-02  1.049679E+02
    18.7500   -1.610919E-02  1.695642E-02  1.055608E+02
    18.8000   -1.123124E-02  1.911650E-02  1.061862E+02
    18.8500    3.175171E-04  2.066760E-02  1.068295E+02
    18.9000    1.332857E-02  2.152268E-02  1.074820E+02
    18.9500    2.094235E-02  2.159899E-02  1.081377E+02
    19.0000    1.911027E-02  2.082149E-02  1.087932E+02
    19.0500    9.309674E-03  1.912109E-02  1.094472E+02
    19.1000   -2.381918E-03  1.653362E-02  1.101003E+02
    19.1500   -9.449594E-03  1.314854E-02  1.107576E+02
    19.2000   -9.117200E-03  9.154150E-03  1.114367E+02
    19.2500   -3.757554E-03  4.878980E-03  1.122183E+02
    19.3000    1.307868E-03  1.693777E-03  1.139796E+02
    19.3500    1.823319E-03  4.409849E-03  1.158127E+02
    19.4000   -2.551745E-03  7.789092E-03  1.165727E+02
    19.4500   -8.477839E-03  1.033755E-02  1.172005E+02
    19.5000   -1.177813E-02  1.178394E-02  1.177783E+02
    19.5500   -1.053990E-02  1.205027E-02  1.183158E+02
    19.6000   -6.149078E-03  1.123931E-02  1.188016E+02
    19.6500   -1.707962E-03  9.684424E-03  1.192032E+02
    19.7000    6.549898E-04  8.069930E-03  1.194618E+02
    19.7500    1.337541E-03  7.495958E-03  1.195599E+02
    19.8000    2.510954E-03  8.627627E-03  1.196758E+02
    19.8500    5.839347E-03  1.075868E-02  1.199542E+02
    19.9000    1.067319E-02  1.288713E-02  1.203564E+02
    19.9500    1.427259E-02  1.438847E-02  1.208243E+02
    20.0000    1.390935E-02  1.493438E-02  1.213240E+02
