 beta-PtO2, orthorhombic, PDF# 43-1045          Feff8L (EXAFS)       0.1
 POT  Non-SCF, core-hole, AFOLP (folp(0)= 1.150)
 Abs   Z=78 Rmt= 1.303 Rnm= 1.388 L3 shell
 Pot 1 Z=78 Rmt= 1.307 Rnm= 1.400
 Pot 2 Z= 8 Rmt= 0.993 Rnm= 1.061
 Gam_ch=5.171E+00 H-L exch
 Mu= 6.451E+00 kf=2.428E+00 Vint=-1.600E+01 Rs_int= 1.494
 PATH  Rmax=10.000,  Keep_limit= 0.00, Heap_limit 0.00  Pwcrit= 2.50%
 -----------------------------------------------------------------------
    file        sig2   amp ratio    deg    nlegs  r effective
 feff0001.dat 0.00000   100.000     2.000     2   1.9891
 feff0002.dat 0.00000   196.900     4.000     2   2.0034
 feff0003.dat 0.00000    40.780     2.000     2   3.1360
 feff0004.dat 0.00000    30.790     2.000     2   3.1837
 feff0005.dat 0.00000    10.300     4.000     3   3.2504
 feff0006.dat 0.00000    23.680     8.000     3   3.3775
 feff0007.dat 0.00000    24.340     8.000     3   3.4375
 feff0008.dat 0.00000   125.800     8.000     2   3.5545
 feff0009.dat 0.00000    11.480     4.000     3   3.5714
 feff0010.dat 0.00000     6.214     8.000     3   3.5714
 feff0011.dat 0.00000    20.870     2.000     2   3.6504
 feff0012.dat 0.00000    39.680     4.000     2   3.7136
 feff0013.dat 0.00000    15.860     8.000     3   3.7735
 feff0014.dat 0.00000    15.910     8.000     3   3.7735
 feff0015.dat 0.00000    35.930     4.000     2   3.8406
 feff0016.dat 0.00000     5.443     8.000     3   3.9748
 feff0017.dat 0.00000    11.820     2.000     3   3.9782
 feff0018.dat 0.00000    32.300     2.000     4   3.9782
 feff0019.dat 0.00000     7.170     2.000     4   3.9782
 feff0020.dat 0.00000     4.903     4.000     4   3.9925
 feff0021.dat 0.00000     4.886     4.000     4   3.9925
 feff0022.dat 0.00000    12.080     8.000     4   3.9925
 feff0023.dat 0.00000    12.270     8.000     4   3.9925
 feff0024.dat 0.00000    22.970     4.000     3   4.0068
 feff0025.dat 0.00000    62.390     4.000     4   4.0068
 feff0026.dat 0.00000    13.880     4.000     4   4.0068
 feff0027.dat 0.00000     4.566     4.000     4   4.0068
 feff0028.dat 0.00000     5.159     4.000     4   4.0068
 feff0029.dat 0.00000     6.458     8.000     3   4.2398
 feff0030.dat 0.00000     5.237     8.000     3   4.2682
 feff0031.dat 0.00000    25.580     4.000     2   4.2933
 feff0032.dat 0.00000     7.284     8.000     3   4.2992
 feff0033.dat 0.00000     5.415     8.000     3   4.2998
 feff0034.dat 0.00000     6.028     8.000     3   4.3561
 feff0035.dat 0.00000     3.760     8.000     3   4.3708
 feff0036.dat 0.00000    11.700     2.000     2   4.4165
 feff0037.dat 0.00000     3.972     8.000     3   4.4194
 feff0038.dat 0.00000     5.018     8.000     3   4.4194
 feff0039.dat 0.00000    21.760     4.000     3   4.4498
 feff0040.dat 0.00000    22.550     4.000     2   4.4688
 feff0041.dat 0.00000    11.090     2.000     4   4.4831
 feff0042.dat 0.00000    18.050     2.000     2   4.4839
 feff0043.dat 0.00000     4.164     4.000     4   4.4974
 feff0044.dat 0.00000    11.920     8.000     3   4.5224
 feff0045.dat 0.00000    17.490     2.000     2   4.5385
 feff0046.dat 0.00000     4.083     8.000     3   4.6042
 feff0047.dat 0.00000    17.030     8.000     3   4.6174
 feff0048.dat 0.00000     4.067     8.000     3   4.6358
 feff0049.dat 0.00000     4.042     8.000     3   4.6921
 feff0050.dat 0.00000     3.836     4.000     4   4.7516
 feff0051.dat 0.00000     3.743     4.000     4   4.7516
 feff0052.dat 0.00000     3.823     4.000     4   4.7659
 feff0053.dat 0.00000     6.564     4.000     4   4.7659
 feff0054.dat 0.00000    17.770     4.000     2   4.8125
 feff0055.dat 0.00000    30.230     8.000     3   4.8492
 feff0058.dat 0.00000     3.098     4.000     3   4.8557
 feff0059.dat 0.00000    17.130     4.000     2   4.8665
 feff0060.dat 0.00000     4.552     8.000     3   4.8666
 feff0061.dat 0.00000     3.698     4.000     4   4.8716
 feff0062.dat 0.00000     3.680     4.000     4   4.8859
 feff0063.dat 0.00000    14.490     4.000     4   4.8859
 feff0064.dat 0.00000     4.406     8.000     3   4.9184
 feff0065.dat 0.00000     4.991     8.000     3   4.9872
 feff0066.dat 0.00000     6.668     8.000     3   5.0029
 feff0067.dat 0.00000    13.470     8.000     3   5.0029
 feff0068.dat 0.00000    24.400     8.000     3   5.0029
 feff0069.dat 0.00000     5.305     8.000     3   5.0134
 feff0070.dat 0.00000     4.757     8.000     4   5.0205
 feff0071.dat 0.00000     5.357    16.000     3   5.1225
 feff0074.dat 0.00000     3.386     4.000     4   5.1394
 feff0075.dat 0.00000     5.330     4.000     4   5.1394
 feff0076.dat 0.00000     6.872     4.000     4   5.1394
 feff0078.dat 0.00000    12.890     8.000     4   5.1394
 feff0079.dat 0.00000     4.057     8.000     3   5.1852
 feff0080.dat 0.00000     7.449     8.000     3   5.1852
 feff0083.dat 0.00000     2.764     8.000     4   5.2062
 feff0085.dat 0.00000     6.252     8.000     4   5.2219
 feff0086.dat 0.00000     2.882     8.000     3   5.3842
 feff0087.dat 0.00000     2.744     8.000     3   5.3945
 feff0088.dat 0.00000    12.080     4.000     2   5.4008
 feff0089.dat 0.00000    11.950     4.000     2   5.4166
 feff0091.dat 0.00000     6.962     8.000     4   5.4383
 feff0092.dat 0.00000     2.683     8.000     3   5.4710
 feff0093.dat 0.00000    20.840     4.000     2   5.4717
 feff0094.dat 0.00000     7.593     8.000     3   5.4722
 feff0095.dat 0.00000    28.010     8.000     3   5.4722
 feff0096.dat 0.00000     7.545     8.000     3   5.4872
 feff0097.dat 0.00000    27.850     8.000     3   5.4872
 feff0098.dat 0.00000     3.027     8.000     3   5.5032
 feff0099.dat 0.00000    20.350     4.000     2   5.5166
 feff0100.dat 0.00000     7.394     8.000     4   5.5436
 feff0102.dat 0.00000    18.520     4.000     4   5.5436
 feff0103.dat 0.00000    11.000     4.000     2   5.5490
 feff0104.dat 0.00000     7.412     8.000     4   5.5579
 feff0106.dat 0.00000    18.460     4.000     4   5.5579
 feff0108.dat 0.00000     2.773     8.000     3   5.6122
 feff0110.dat 0.00000     3.280     8.000     3   5.6578
 feff0111.dat 0.00000     5.819     8.000     3   5.6578
 feff0112.dat 0.00000     6.327     8.000     3   5.6578
 feff0113.dat 0.00000    37.260     8.000     2   5.6836
 feff0114.dat 0.00000     3.830     8.000     3   5.6912
 feff0115.dat 0.00000     4.228     8.000     4   5.6912
 feff0116.dat 0.00000    11.180     8.000     4   5.6912
 feff0117.dat 0.00000    31.520     8.000     3   5.7003
 feff0118.dat 0.00000    28.460     8.000     3   5.7003
 feff0119.dat 0.00000     3.804     8.000     3   5.7062
 feff0120.dat 0.00000    11.050     8.000     4   5.7062
 feff0123.dat 0.00000    13.800     4.000     4   5.7170
 feff0124.dat 0.00000    11.220     4.000     4   5.7170
 feff0125.dat 0.00000     3.838     8.000     3   5.7335
 feff0126.dat 0.00000     6.634     8.000     3   5.7476
 feff0128.dat 0.00000     5.186     8.000     4   5.7626
 feff0130.dat 0.00000     5.147     8.000     4   5.7769
 feff0131.dat 0.00000     9.494     4.000     2   5.7869
 feff0133.dat 0.00000     4.959     8.000     4   5.8049
 feff0134.dat 0.00000     3.127     8.000     3   5.8121
 feff0140.dat 0.00000     9.044     4.000     2   5.8668
 feff0141.dat 0.00000     3.988     8.000     4   5.8827
 feff0142.dat 0.00000     4.435     2.000     2   5.8990
 feff0145.dat 0.00000     2.771     8.000     4   5.9783
 feff0147.dat 0.00000     5.734     8.000     3   6.0220
 feff0148.dat 0.00000     4.211     8.000     3   6.0607
 feff0151.dat 0.00000     3.772     8.000     3   6.1371
 feff0152.dat 0.00000     2.716     8.000     3   6.1599
 feff0153.dat 0.00000     7.534     4.000     2   6.1726
 feff0154.dat 0.00000     3.888    16.000     3   6.1871
 feff0155.dat 0.00000     3.810    16.000     3   6.1871
 feff0156.dat 0.00000     4.482     8.000     3   6.1886
 feff0157.dat 0.00000     2.695     8.000     3   6.2315
 feff0158.dat 0.00000     3.615     2.000     2   6.2428
 feff0159.dat 0.00000     6.900     2.000     2   6.2720
 feff0161.dat 0.00000    27.900     4.000     3   6.2720
 feff0162.dat 0.00000     4.597     2.000     4   6.2720
 feff0163.dat 0.00000    29.200     2.000     4   6.2720
 feff0164.dat 0.00000     4.330     8.000     4   6.2824
 feff0166.dat 0.00000     5.697     8.000     3   6.3244
 feff0167.dat 0.00000    13.080     4.000     2   6.3799
 feff0169.dat 0.00000     4.657     4.000     3   6.3852
 feff0170.dat 0.00000     3.200     4.000     3   6.3927
 feff0171.dat 0.00000    11.120     4.000     3   6.3927
 feff0172.dat 0.00000     9.953     4.000     3   6.3927
 feff0173.dat 0.00000     3.297     2.000     2   6.4014
 feff0174.dat 0.00000     5.537     4.000     3   6.4031
 feff0175.dat 0.00000     5.843     4.000     4   6.4056
 feff0176.dat 0.00000     4.834     2.000     4   6.4056
 feff0177.dat 0.00000     8.121     4.000     4   6.4056
 feff0178.dat 0.00000     3.865     2.000     4   6.4056
 feff0179.dat 0.00000     4.787     8.000     3   6.4117
 feff0180.dat 0.00000     3.267     4.000     4   6.4261
 feff0181.dat 0.00000     7.649     4.000     4   6.4260
 feff0182.dat 0.00000     6.434     4.000     2   6.4442
 feff0183.dat 0.00000     6.133     8.000     4   6.4722
 feff0184.dat 0.00000     8.673     8.000     3   6.4897
 feff0185.dat 0.00000     3.599     4.000     4   6.5353
 feff0186.dat 0.00000     3.488     8.000     4   6.5602
 feff0188.dat 0.00000     3.794     8.000     4   6.5709
 feff0189.dat 0.00000     4.420     8.000     4   6.5709
 feff0190.dat 0.00000     5.954     4.000     2   6.5799
 feff0192.dat 0.00000     7.116     8.000     3   6.5912
 feff0193.dat 0.00000     4.771     8.000     4   6.6367
 feff0194.dat 0.00000     5.624     4.000     2   6.6808
 feff0195.dat 0.00000     8.099     8.000     3   6.7019
 feff0197.dat 0.00000     6.976     8.000     3   6.7147
 feff0198.dat 0.00000     4.650     8.000     3   6.7147
 feff0200.dat 0.00000     4.195    16.000     3   6.7445
 feff0202.dat 0.00000     4.841     8.000     3   6.8005
 feff0203.dat 0.00000     3.742     8.000     3   6.8098
 feff0204.dat 0.00000     8.428     8.000     4   6.8159
 feff0206.dat 0.00000     4.657     8.000     4   6.8372
 feff0209.dat 0.00000     3.171     8.000     4   6.8526
 feff0210.dat 0.00000     4.750     8.000     4   6.8699
 feff0211.dat 0.00000     4.970     8.000     4   6.8699
 feff0212.dat 0.00000     4.918     4.000     2   6.9215
 feff0213.dat 0.00000     2.978     8.000     4   6.9462
 feff0214.dat 0.00000     3.367     4.000     3   6.9695
 feff0215.dat 0.00000     4.745     4.000     2   6.9862
 feff0216.dat 0.00000     4.740     4.000     2   6.9884
 feff0217.dat 0.00000     6.258     8.000     3   7.0210
 feff0218.dat 0.00000     4.225     8.000     3   7.0228
 feff0219.dat 0.00000     6.391     8.000     3   7.0287
 feff0220.dat 0.00000     4.623     4.000     2   7.0338
 feff0221.dat 0.00000     5.457     8.000     3   7.0632
 feff0222.dat 0.00000     4.451     4.000     2   7.1035
 feff0223.dat 0.00000    18.470     8.000     2   7.1090
 feff0224.dat 0.00000     6.180     8.000     3   7.1090
 feff0225.dat 0.00000    69.540    16.000     3   7.1090
 feff0226.dat 0.00000    10.280     8.000     4   7.1090
 feff0228.dat 0.00000    68.410     8.000     4   7.1090
 feff0229.dat 0.00000     3.079     8.000     3   7.1102
 feff0230.dat 0.00000     4.391     4.000     2   7.1283
 feff0231.dat 0.00000     5.303     8.000     3   7.1282
 feff0232.dat 0.00000     4.066     8.000     3   7.1311
 feff0233.dat 0.00000     2.805     8.000     4   7.1435
 feff0235.dat 0.00000     4.994     8.000     3   7.1674
 feff0236.dat 0.00000     3.433     8.000     4   7.1686
 feff0237.dat 0.00000     3.053     8.000     3   7.1699
 feff0239.dat 0.00000     2.895     8.000     3   7.2566
 feff0240.dat 0.00000     2.959     8.000     3   7.2566
 feff0241.dat 0.00000     4.833     8.000     4   7.2566
 feff0242.dat 0.00000     4.889     8.000     4   7.2566
 feff0243.dat 0.00000     4.096     4.000     2   7.2570
 feff0244.dat 0.00000     2.878     8.000     3   7.2574
 feff0245.dat 0.00000     2.962     8.000     3   7.2574
 feff0246.dat 0.00000     4.805     8.000     4   7.2574
 feff0247.dat 0.00000     4.897     8.000     4   7.2574
 feff0248.dat 0.00000     5.087     8.000     3   7.2617
 feff0249.dat 0.00000     2.930     8.000     3   7.2632
 feff0250.dat 0.00000    17.160     8.000     2   7.2695
 feff0251.dat 0.00000     6.432     8.000     3   7.2749
 feff0252.dat 0.00000     4.022     4.000     2   7.2909
 feff0253.dat 0.00000     3.447     8.000     3   7.3117
 feff0257.dat 0.00000     4.803     8.000     4   7.3280
 feff0258.dat 0.00000     4.807     8.000     4   7.3280
 feff0259.dat 0.00000    16.640     8.000     2   7.3369
 feff0260.dat 0.00000     3.612     8.000     3   7.3802
 feff0261.dat 0.00000     3.571     8.000     3   7.3802
 feff0263.dat 0.00000     3.618     8.000     3   7.3830
 feff0264.dat 0.00000     7.267     8.000     3   7.3830
 feff0265.dat 0.00000     5.546     8.000     3   7.4069
 feff0266.dat 0.00000     5.256     8.000     3   7.4069
 feff0267.dat 0.00000     3.963     8.000     3   7.4375
 feff0268.dat 0.00000     3.422     8.000     3   7.4375
 feff0269.dat 0.00000     3.015     8.000     3   7.4720
 feff0271.dat 0.00000     3.340     8.000     4   7.4751
 feff0272.dat 0.00000     4.169     4.000     4   7.4751
 feff0274.dat 0.00000     4.446     8.000     4   7.5691
 feff0275.dat 0.00000     3.366     4.000     2   7.6274
 feff0278.dat 0.00000     3.291     4.000     2   7.6709
 feff0279.dat 0.00000     3.127     8.000     3   7.6790
 feff0280.dat 0.00000    12.820     8.000     3   7.6790
 feff0281.dat 0.00000     5.201     8.000     4   7.6870
 feff0282.dat 0.00000    12.770     4.000     4   7.6870
 feff0283.dat 0.00000     3.975     8.000     3   7.6957
 feff0284.dat 0.00000     2.762     8.000     4   7.6957
 feff0285.dat 0.00000    11.030     8.000     4   7.6957
 feff0286.dat 0.00000     7.925     8.000     4   7.7037
 feff0287.dat 0.00000     7.039     4.000     2   7.7100
 feff0290.dat 0.00000     4.382     8.000     3   7.7376
 feff0291.dat 0.00000     6.941     4.000     2   7.7418
 feff0292.dat 0.00000     3.137     4.000     2   7.7631
 feff0293.dat 0.00000     4.367     8.000     3   7.7901
 feff0294.dat 0.00000     3.523     8.000     3   7.7901
 feff0295.dat 0.00000     3.041     4.000     2   7.8228
 feff0296.dat 0.00000     3.483     8.000     3   7.8289
 feff0297.dat 0.00000     4.207     8.000     3   7.8670
 feff0298.dat 0.00000     4.168     8.000     4   7.9003
 feff0299.dat 0.00000     4.158     8.000     3   7.9231
 feff0300.dat 0.00000     6.808     8.000     3   7.9705
 feff0301.dat 0.00000     3.403     8.000     3   7.9705
 feff0302.dat 0.00000     4.418     4.000     4   8.0025
 feff0303.dat 0.00000     3.900     8.000     4   8.0025
 feff0305.dat 0.00000     5.188     8.000     4   8.1070
 feff0306.dat 0.00000     3.599     8.000     4   8.1389
 feff0307.dat 0.00000     3.415     8.000     3   8.2149
 feff0308.dat 0.00000     3.949     8.000     3   8.2937
 feff0309.dat 0.00000     4.484     4.000     3   8.3623
 feff0310.dat 0.00000     3.612     4.000     4   8.3690
 feff0311.dat 0.00000     4.466     2.000     4   8.3690
 feff0312.dat 0.00000     3.690     4.000     4   8.3751
 feff0313.dat 0.00000    10.190     8.000     2   8.4641
 feff0314.dat 0.00000     9.975     8.000     2   8.5155
 feff0315.dat 0.00000     3.561     8.000     3   8.5221
 feff0316.dat 0.00000     3.409     8.000     3   8.5221
 feff0317.dat 0.00000     4.094     8.000     3   8.5237
 feff0318.dat 0.00000     3.285     8.000     3   8.5237
 feff0319.dat 0.00000     9.740     8.000     2   8.5732
 feff0320.dat 0.00000     3.065     8.000     3   8.5843
 feff0321.dat 0.00000     2.946     8.000     3   8.5843
 feff0322.dat 0.00000     2.810     8.000     3   8.5998
 feff0325.dat 0.00000     4.200    16.000     3   8.6419
 feff0326.dat 0.00000     3.941    16.000     3   8.6419
 feff0330.dat 0.00000     4.441     8.000     3   8.9400
 feff0331.dat 0.00000     8.366     8.000     2   8.9466
 feff0332.dat 0.00000     4.405     8.000     3   8.9558
 feff0333.dat 0.00000     6.924     4.000     3   8.9678
 feff0334.dat 0.00000     6.121     2.000     4   8.9678
 feff0335.dat 0.00000     5.551     8.000     3   8.9692
 feff0336.dat 0.00000     4.951     8.000     3   8.9692
 feff0337.dat 0.00000     3.151     8.000     4   8.9918
 feff0338.dat 0.00000     5.065     8.000     4   9.0114
 feff0339.dat 0.00000     5.033     8.000     4   9.0265
 feff0340.dat 0.00000     4.070     8.000     4   9.0267
 feff0341.dat 0.00000     4.041     8.000     4   9.0417
 feff0342.dat 0.00000     6.588     4.000     3   9.0770
 feff0343.dat 0.00000     5.786     2.000     4   9.0770
 feff0344.dat 0.00000     4.557    16.000     3   9.0923
 feff0345.dat 0.00000     4.357    16.000     3   9.0923
 feff0346.dat 0.00000     3.882     8.000     3   9.3937
 feff0347.dat 0.00000     6.286     4.000     3   9.4080
 feff0348.dat 0.00000     5.674     4.000     3   9.4080
 feff0349.dat 0.00000    10.780     4.000     4   9.4080
 feff0350.dat 0.00000     5.901     2.000     4   9.4080
 feff0351.dat 0.00000    10.860     4.000     4   9.4080
 feff0352.dat 0.00000     4.810     2.000     4   9.4080
 feff0353.dat 0.00000     3.371     8.000     4   9.4104
 feff0354.dat 0.00000     3.363     4.000     2   9.5003
 feff0355.dat 0.00000     3.233     4.000     2   9.6035
 feff0356.dat 0.00000     6.237     8.000     2   9.6975
 feff0357.dat 0.00000     3.799     8.000     3   9.7248
 feff0358.dat 0.00000     3.355     8.000     3   9.7248
 feff0359.dat 0.00000     3.928    16.000     3   9.8159
 feff0360.dat 0.00000     3.820    16.000     3   9.8159
