PATH  Rmax=10.000,  Keep_limit= 0.00, Heap_limit 0.00  Pwcrit= 2.50%
 -----------------------------------------------------------------------
  pathindex     sig2   amp ratio    deg    nlegs  r effective
        1     0.00000   100.000     2.000     2   1.9891
        2     0.00000   196.883     4.000     2   2.0034
        3     0.00000    40.780     2.000     2   3.1360
        4     0.00000    30.788     2.000     2   3.1837
        5     0.00000    10.296     4.000     3   3.2504
        6     0.00000    23.678     8.000     3   3.3775
        7     0.00000    24.336     8.000     3   3.4375
        8     0.00000   125.837     8.000     2   3.5545
        9     0.00000    11.483     4.000     3   3.5714
       10     0.00000     6.214     8.000     3   3.5714
       11     0.00000    20.865     2.000     2   3.6504
       12     0.00000    39.684     4.000     2   3.7136
       13     0.00000    15.863     8.000     3   3.7735
       14     0.00000    15.908     8.000     3   3.7735
       15     0.00000    35.927     4.000     2   3.8406
       16     0.00000     5.443     8.000     3   3.9748
       17     0.00000    11.820     2.000     3   3.9782
       18     0.00000    32.302     2.000     4   3.9782
       19     0.00000     7.170     2.000     4   3.9782
       20     0.00000     4.903     4.000     4   3.9925
       21     0.00000     4.886     4.000     4   3.9925
       22     0.00000    12.077     8.000     4   3.9925
       23     0.00000    12.271     8.000     4   3.9925
       24     0.00000    22.967     4.000     3   4.0068
       25     0.00000    62.394     4.000     4   4.0068
       26     0.00000    13.876     4.000     4   4.0068
       27     0.00000     4.566     4.000     4   4.0068
       28     0.00000     5.159     4.000     4   4.0068
       29     0.00000     6.458     8.000     3   4.2398
       30     0.00000     5.237     8.000     3   4.2682
       31     0.00000    25.581     4.000     2   4.2933
       32     0.00000     7.284     8.000     3   4.2992
       33     0.00000     5.415     8.000     3   4.2998
       34     0.00000     6.028     8.000     3   4.3561
       35     0.00000     3.760     8.000     3   4.3708
       36     0.00000    11.705     2.000     2   4.4165
       37     0.00000     3.972     8.000     3   4.4194
       38     0.00000     5.018     8.000     3   4.4194
       39     0.00000    21.758     4.000     3   4.4498
       40     0.00000    22.553     4.000     2   4.4688
       41     0.00000    11.094     2.000     4   4.4831
       42     0.00000    18.047     2.000     2   4.4839
       43     0.00000     4.164     4.000     4   4.4974
       44     0.00000    11.918     8.000     3   4.5224
       45     0.00000    17.487     2.000     2   4.5385
       46     0.00000     4.083     8.000     3   4.6042
       47     0.00000    17.029     8.000     3   4.6174
       48     0.00000     4.067     8.000     3   4.6358
       49     0.00000     4.042     8.000     3   4.6921
       50     0.00000     3.836     4.000     4   4.7516
       51     0.00000     3.743     4.000     4   4.7516
       52     0.00000     3.823     4.000     4   4.7659
       53     0.00000     6.564     4.000     4   4.7659
       54     0.00000    17.768     4.000     2   4.8125
       55     0.00000    30.231     8.000     3   4.8492
       58     0.00000     3.098     4.000     3   4.8557
       59     0.00000    17.131     4.000     2   4.8665
       60     0.00000     4.552     8.000     3   4.8666
       61     0.00000     3.698     4.000     4   4.8716
       62     0.00000     3.680     4.000     4   4.8859
       63     0.00000    14.490     4.000     4   4.8859
       64     0.00000     4.406     8.000     3   4.9184
       65     0.00000     4.991     8.000     3   4.9872
       66     0.00000     6.668     8.000     3   5.0029
       67     0.00000    13.473     8.000     3   5.0029
       68     0.00000    24.398     8.000     3   5.0029
       69     0.00000     5.305     8.000     3   5.0134
       70     0.00000     4.757     8.000     4   5.0205
       71     0.00000     5.357    16.000     3   5.1225
       74     0.00000     3.386     4.000     4   5.1394
       75     0.00000     5.330     4.000     4   5.1394
       76     0.00000     6.872     4.000     4   5.1394
       78     0.00000    12.891     8.000     4   5.1394
       79     0.00000     4.057     8.000     3   5.1852
       80     0.00000     7.449     8.000     3   5.1852
       83     0.00000     2.764     8.000     4   5.2062
       85     0.00000     6.252     8.000     4   5.2219
       86     0.00000     2.882     8.000     3   5.3842
       87     0.00000     2.744     8.000     3   5.3945
       88     0.00000    12.075     4.000     2   5.4008
       89     0.00000    11.955     4.000     2   5.4166
       91     0.00000     6.962     8.000     4   5.4383
       92     0.00000     2.683     8.000     3   5.4710
       93     0.00000    20.839     4.000     2   5.4717
       94     0.00000     7.593     8.000     3   5.4722
       95     0.00000    28.010     8.000     3   5.4722
       96     0.00000     7.545     8.000     3   5.4872
       97     0.00000    27.849     8.000     3   5.4872
       98     0.00000     3.027     8.000     3   5.5032
       99     0.00000    20.348     4.000     2   5.5166
      100     0.00000     7.394     8.000     4   5.5436
      102     0.00000    18.516     4.000     4   5.5436
      103     0.00000    10.998     4.000     2   5.5490
      104     0.00000     7.412     8.000     4   5.5579
      106     0.00000    18.461     4.000     4   5.5579
      108     0.00000     2.773     8.000     3   5.6122
      110     0.00000     3.280     8.000     3   5.6578
      111     0.00000     5.819     8.000     3   5.6578
      112     0.00000     6.327     8.000     3   5.6578
      113     0.00000    37.264     8.000     2   5.6836
      114     0.00000     3.830     8.000     3   5.6912
      115     0.00000     4.228     8.000     4   5.6912
      116     0.00000    11.175     8.000     4   5.6912
      117     0.00000    31.521     8.000     3   5.7003
      118     0.00000    28.456     8.000     3   5.7003
      119     0.00000     3.804     8.000     3   5.7062
      120     0.00000    11.051     8.000     4   5.7062
      123     0.00000    13.802     4.000     4   5.7170
      124     0.00000    11.223     4.000     4   5.7170
      125     0.00000     3.838     8.000     3   5.7335
      126     0.00000     6.634     8.000     3   5.7476
      128     0.00000     5.186     8.000     4   5.7626
      130     0.00000     5.147     8.000     4   5.7769
      131     0.00000     9.494     4.000     2   5.7869
      133     0.00000     4.959     8.000     4   5.8049
      134     0.00000     3.127     8.000     3   5.8121
      140     0.00000     9.044     4.000     2   5.8668
      141     0.00000     3.988     8.000     4   5.8827
      142     0.00000     4.435     2.000     2   5.8990
      145     0.00000     2.771     8.000     4   5.9783
      147     0.00000     5.734     8.000     3   6.0220
      148     0.00000     4.211     8.000     3   6.0607
      151     0.00000     3.772     8.000     3   6.1371
      152     0.00000     2.716     8.000     3   6.1599
      153     0.00000     7.534     4.000     2   6.1726
      154     0.00000     3.888    16.000     3   6.1871
      155     0.00000     3.810    16.000     3   6.1871
      156     0.00000     4.482     8.000     3   6.1886
      157     0.00000     2.695     8.000     3   6.2315
      158     0.00000     3.615     2.000     2   6.2428
      159     0.00000     6.900     2.000     2   6.2720
      161     0.00000    27.904     4.000     3   6.2720
      162     0.00000     4.597     2.000     4   6.2720
      163     0.00000    29.203     2.000     4   6.2720
      164     0.00000     4.330     8.000     4   6.2824
      166     0.00000     5.697     8.000     3   6.3244
      167     0.00000    13.083     4.000     2   6.3799
      169     0.00000     4.657     4.000     3   6.3852
      170     0.00000     3.200     4.000     3   6.3927
      171     0.00000    11.118     4.000     3   6.3927
      172     0.00000     9.953     4.000     3   6.3927
      173     0.00000     3.297     2.000     2   6.4014
      174     0.00000     5.537     4.000     3   6.4031
      175     0.00000     5.843     4.000     4   6.4056
      176     0.00000     4.834     2.000     4   6.4056
      177     0.00000     8.121     4.000     4   6.4056
      178     0.00000     3.865     2.000     4   6.4056
      179     0.00000     4.787     8.000     3   6.4117
      180     0.00000     3.267     4.000     4   6.4261
      181     0.00000     7.649     4.000     4   6.4260
      182     0.00000     6.434     4.000     2   6.4442
      183     0.00000     6.133     8.000     4   6.4722
      184     0.00000     8.673     8.000     3   6.4897
      185     0.00000     3.599     4.000     4   6.5353
      186     0.00000     3.488     8.000     4   6.5602
      188     0.00000     3.794     8.000     4   6.5709
      189     0.00000     4.420     8.000     4   6.5709
      190     0.00000     5.954     4.000     2   6.5799
      192     0.00000     7.116     8.000     3   6.5912
      193     0.00000     4.771     8.000     4   6.6367
      194     0.00000     5.624     4.000     2   6.6808
      195     0.00000     8.099     8.000     3   6.7019
      197     0.00000     6.976     8.000     3   6.7147
      198     0.00000     4.650     8.000     3   6.7147
      200     0.00000     4.195    16.000     3   6.7445
      202     0.00000     4.841     8.000     3   6.8005
      203     0.00000     3.742     8.000     3   6.8098
      204     0.00000     8.428     8.000     4   6.8159
      206     0.00000     4.657     8.000     4   6.8372
      209     0.00000     3.171     8.000     4   6.8526
      210     0.00000     4.750     8.000     4   6.8699
      211     0.00000     4.970     8.000     4   6.8699
      212     0.00000     4.918     4.000     2   6.9215
      213     0.00000     2.978     8.000     4   6.9462
      214     0.00000     3.367     4.000     3   6.9695
      215     0.00000     4.745     4.000     2   6.9862
      216     0.00000     4.740     4.000     2   6.9884
      217     0.00000     6.258     8.000     3   7.0210
      218     0.00000     4.225     8.000     3   7.0228
      219     0.00000     6.391     8.000     3   7.0287
      220     0.00000     4.623     4.000     2   7.0338
      221     0.00000     5.457     8.000     3   7.0632
      222     0.00000     4.451     4.000     2   7.1035
      223     0.00000    18.471     8.000     2   7.1090
      224     0.00000     6.180     8.000     3   7.1090
      225     0.00000    69.545    16.000     3   7.1090
      226     0.00000    10.277     8.000     4   7.1090
      228     0.00000    68.411     8.000     4   7.1090
      229     0.00000     3.079     8.000     3   7.1102
      230     0.00000     4.391     4.000     2   7.1283
      231     0.00000     5.303     8.000     3   7.1282
      232     0.00000     4.066     8.000     3   7.1311
      233     0.00000     2.805     8.000     4   7.1435
      235     0.00000     4.994     8.000     3   7.1674
      236     0.00000     3.433     8.000     4   7.1686
      237     0.00000     3.053     8.000     3   7.1699
      239     0.00000     2.895     8.000     3   7.2566
      240     0.00000     2.959     8.000     3   7.2566
      241     0.00000     4.833     8.000     4   7.2566
      242     0.00000     4.889     8.000     4   7.2566
      243     0.00000     4.096     4.000     2   7.2570
      244     0.00000     2.878     8.000     3   7.2574
      245     0.00000     2.962     8.000     3   7.2573
      246     0.00000     4.805     8.000     4   7.2574
      247     0.00000     4.897     8.000     4   7.2573
      248     0.00000     5.087     8.000     3   7.2617
      249     0.00000     2.930     8.000     3   7.2632
      250     0.00000    17.156     8.000     2   7.2695
      251     0.00000     6.432     8.000     3   7.2749
      252     0.00000     4.022     4.000     2   7.2909
      253     0.00000     3.447     8.000     3   7.3117
      257     0.00000     4.803     8.000     4   7.3280
      258     0.00000     4.807     8.000     4   7.3280
      259     0.00000    16.637     8.000     2   7.3369
      260     0.00000     3.612     8.000     3   7.3802
      261     0.00000     3.571     8.000     3   7.3802
      263     0.00000     3.618     8.000     3   7.3830
      264     0.00000     7.267     8.000     3   7.3830
      265     0.00000     5.546     8.000     3   7.4069
      266     0.00000     5.256     8.000     3   7.4069
      267     0.00000     3.963     8.000     3   7.4375
      268     0.00000     3.422     8.000     3   7.4375
      269     0.00000     3.015     8.000     3   7.4720
      271     0.00000     3.340     8.000     4   7.4751
      272     0.00000     4.169     4.000     4   7.4751
      274     0.00000     4.446     8.000     4   7.5691
      275     0.00000     3.366     4.000     2   7.6274
      278     0.00000     3.291     4.000     2   7.6709
      279     0.00000     3.127     8.000     3   7.6790
      280     0.00000    12.815     8.000     3   7.6790
      281     0.00000     5.201     8.000     4   7.6870
      282     0.00000    12.768     4.000     4   7.6870
      283     0.00000     3.975     8.000     3   7.6957
      284     0.00000     2.762     8.000     4   7.6957
      285     0.00000    11.026     8.000     4   7.6957
      286     0.00000     7.925     8.000     4   7.7037
      287     0.00000     7.039     4.000     2   7.7100
      290     0.00000     4.382     8.000     3   7.7376
      291     0.00000     6.941     4.000     2   7.7418
      292     0.00000     3.137     4.000     2   7.7631
      293     0.00000     4.367     8.000     3   7.7901
      294     0.00000     3.523     8.000     3   7.7901
      295     0.00000     3.041     4.000     2   7.8228
      296     0.00000     3.483     8.000     3   7.8289
      297     0.00000     4.207     8.000     3   7.8670
      298     0.00000     4.168     8.000     4   7.9003
      299     0.00000     4.158     8.000     3   7.9231
      300     0.00000     6.808     8.000     3   7.9705
      301     0.00000     3.403     8.000     3   7.9705
      302     0.00000     4.418     4.000     4   8.0025
      303     0.00000     3.900     8.000     4   8.0025
      305     0.00000     5.188     8.000     4   8.1070
      306     0.00000     3.599     8.000     4   8.1389
      307     0.00000     3.415     8.000     3   8.2149
      308     0.00000     3.949     8.000     3   8.2937
      309     0.00000     4.484     4.000     3   8.3623
      310     0.00000     3.612     4.000     4   8.3690
      311     0.00000     4.466     2.000     4   8.3690
      312     0.00000     3.690     4.000     4   8.3751
      313     0.00000    10.191     8.000     2   8.4641
      314     0.00000     9.975     8.000     2   8.5155
      315     0.00000     3.561     8.000     3   8.5221
      316     0.00000     3.409     8.000     3   8.5221
      317     0.00000     4.094     8.000     3   8.5237
      318     0.00000     3.285     8.000     3   8.5237
      319     0.00000     9.740     8.000     2   8.5732
      320     0.00000     3.065     8.000     3   8.5843
      321     0.00000     2.946     8.000     3   8.5843
      322     0.00000     2.810     8.000     3   8.5998
      325     0.00000     4.200    16.000     3   8.6419
      326     0.00000     3.941    16.000     3   8.6419
      330     0.00000     4.441     8.000     3   8.9400
      331     0.00000     8.366     8.000     2   8.9466
      332     0.00000     4.405     8.000     3   8.9558
      333     0.00000     6.924     4.000     3   8.9678
      334     0.00000     6.121     2.000     4   8.9678
      335     0.00000     5.551     8.000     3   8.9692
      336     0.00000     4.951     8.000     3   8.9692
      337     0.00000     3.151     8.000     4   8.9918
      338     0.00000     5.065     8.000     4   9.0114
      339     0.00000     5.033     8.000     4   9.0265
      340     0.00000     4.070     8.000     4   9.0267
      341     0.00000     4.041     8.000     4   9.0417
      342     0.00000     6.588     4.000     3   9.0770
      343     0.00000     5.786     2.000     4   9.0770
      344     0.00000     4.557    16.000     3   9.0923
      345     0.00000     4.357    16.000     3   9.0923
      346     0.00000     3.882     8.000     3   9.3937
      347     0.00000     6.286     4.000     3   9.4080
      348     0.00000     5.674     4.000     3   9.4080
      349     0.00000    10.780     4.000     4   9.4080
      350     0.00000     5.901     2.000     4   9.4080
      351     0.00000    10.861     4.000     4   9.4080
      352     0.00000     4.810     2.000     4   9.4080
      353     0.00000     3.371     8.000     4   9.4104
      354     0.00000     3.363     4.000     2   9.5003
      355     0.00000     3.233     4.000     2   9.6035
      356     0.00000     6.237     8.000     2   9.6975
      357     0.00000     3.799     8.000     3   9.7248
      358     0.00000     3.355     8.000     3   9.7248
      359     0.00000     3.928    16.000     3   9.8159
      360     0.00000     3.820    16.000     3   9.8159
