 Calculating EXAFS parameters...
    Curved wave chi amplitude ratio   4.00%
    Discard feff.dat for paths with cw ratio <   2.67%
    path  cw ratio     deg    nleg  reff
      1   100.000     2.000     2   1.9891
      2   196.883     4.000     2   2.0034
      3    40.780     2.000     2   3.1360
      4    30.788     2.000     2   3.1837
      5    10.296     4.000     3   3.2504
      6    23.678     8.000     3   3.3775
      7    24.336     8.000     3   3.4375
      8   125.837     8.000     2   3.5545
      9    11.483     4.000     3   3.5714
     10     6.214     8.000     3   3.5714
     11    20.865     2.000     2   3.6504
     12    39.684     4.000     2   3.7136
     13    15.863     8.000     3   3.7735
     14    15.908     8.000     3   3.7735
     15    35.927     4.000     2   3.8406
     16     5.443     8.000     3   3.9748
     17    11.820     2.000     3   3.9782
     18    32.302     2.000     4   3.9782
     19     7.170     2.000     4   3.9782
     20     4.903     4.000     4   3.9925
     21     4.886     4.000     4   3.9925
     22    12.077     8.000     4   3.9925
     23    12.271     8.000     4   3.9925
     24    22.967     4.000     3   4.0068
     25    62.394     4.000     4   4.0068
     26    13.876     4.000     4   4.0068
     27     4.566     4.000     4   4.0068
     28     5.159     4.000     4   4.0068
     29     6.458     8.000     3   4.2398
     30     5.237     8.000     3   4.2682
     31    25.581     4.000     2   4.2933
     32     7.284     8.000     3   4.2992
     33     5.415     8.000     3   4.2998
     34     6.028     8.000     3   4.3561
     35     3.760     8.000     3   4.3708
     36    11.705     2.000     2   4.4165
     37     3.972     8.000     3   4.4194
     38     5.018     8.000     3   4.4194
     39    21.758     4.000     3   4.4498
     40    22.553     4.000     2   4.4688
     41    11.094     2.000     4   4.4831
     42    18.047     2.000     2   4.4839
     43     4.164     4.000     4   4.4974
     44    11.918     8.000     3   4.5224
     45    17.487     2.000     2   4.5385
     46     4.083     8.000     3   4.6042
     47    17.029     8.000     3   4.6174
     48     4.067     8.000     3   4.6358
     49     4.042     8.000     3   4.6921
     50     3.836     4.000     4   4.7516
     51     3.743     4.000     4   4.7516
     52     3.823     4.000     4   4.7659
     53     6.564     4.000     4   4.7659
     54    17.768     4.000     2   4.8125
     55    30.231     8.000     3   4.8492
     56     2.301     4.000     3   4.8557 neglected
     57     2.034     4.000     3   4.8557 neglected
     58     3.098     4.000     3   4.8557
     59    17.131     4.000     2   4.8665
     60     4.552     8.000     3   4.8666
     61     3.698     4.000     4   4.8716
     62     3.680     4.000     4   4.8859
     63    14.490     4.000     4   4.8859
     64     4.406     8.000     3   4.9184
     65     4.991     8.000     3   4.9872
     66     6.668     8.000     3   5.0029
     67    13.473     8.000     3   5.0029
     68    24.398     8.000     3   5.0029
     69     5.305     8.000     3   5.0134
     70     4.757     8.000     4   5.0205
     71     5.357    16.000     3   5.1225
     72     1.778     8.000     3   5.1225 neglected
     73     1.273     8.000     4   5.1394 neglected
     74     3.386     4.000     4   5.1394
     75     5.330     4.000     4   5.1394
     76     6.872     4.000     4   5.1394
     77     2.073     8.000     4   5.1394 neglected
     78    12.891     8.000     4   5.1394
     79     4.057     8.000     3   5.1852
     80     7.449     8.000     3   5.1852
     81     1.644     8.000     4   5.1871 neglected
     82     0.872     8.000     4   5.1871 neglected
     83     2.764     8.000     4   5.2062
     84     2.484     8.000     4   5.2219 neglected
     85     6.252     8.000     4   5.2219
     86     2.882     8.000     3   5.3842
     87     2.744     8.000     3   5.3945
     88    12.075     4.000     2   5.4008
     89    11.955     4.000     2   5.4166
     90     2.413     8.000     3   5.4383 neglected
     91     6.962     8.000     4   5.4383
     92     2.683     8.000     3   5.4710
     93    20.839     4.000     2   5.4717
     94     7.593     8.000     3   5.4722
     95    28.010     8.000     3   5.4722
     96     7.545     8.000     3   5.4872
     97    27.849     8.000     3   5.4872
     98     3.027     8.000     3   5.5032
     99    20.348     4.000     2   5.5166
    100     7.394     8.000     4   5.5436
    101     1.445     8.000     4   5.5436 neglected
    102    18.516     4.000     4   5.5436
    103    10.998     4.000     2   5.5490
    104     7.412     8.000     4   5.5579
    105     1.453     8.000     4   5.5579 neglected
    106    18.461     4.000     4   5.5579
    107     2.263     8.000     4   5.5748 neglected
    108     2.773     8.000     3   5.6122
    109     1.029     8.000     4   5.6538 neglected
    110     3.280     8.000     3   5.6578
    111     5.819     8.000     3   5.6578
    112     6.327     8.000     3   5.6578
    113    37.264     8.000     2   5.6836
    114     3.830     8.000     3   5.6912
    115     4.228     8.000     4   5.6912
    116    11.175     8.000     4   5.6912
    117    31.521     8.000     3   5.7003
    118    28.456     8.000     3   5.7003
    119     3.804     8.000     3   5.7062
    120    11.051     8.000     4   5.7062
    121     0.516     8.000     4   5.7170 neglected
    122     0.879     8.000     4   5.7170 neglected
    123    13.802     4.000     4   5.7170
    124    11.223     4.000     4   5.7170
    125     3.838     8.000     3   5.7335
    126     6.634     8.000     3   5.7476
    127     1.232     8.000     4   5.7626 neglected
    128     5.186     8.000     4   5.7626
    129     1.236     8.000     4   5.7769 neglected
    130     5.147     8.000     4   5.7769
    131     9.494     4.000     2   5.7869
    132     1.734    16.000     3   5.7964 neglected
    133     4.959     8.000     4   5.8049
    134     3.127     8.000     3   5.8121
    135     1.658    16.000     3   5.8237 neglected
    136     0.496     8.000     4   5.8297 neglected
    137     0.609     8.000     4   5.8439 neglected
    138     2.264     4.000     4   5.8439 neglected
    139     1.793     4.000     4   5.8439 neglected
    140     9.044     4.000     2   5.8668
    141     3.988     8.000     4   5.8827
    142     4.435     2.000     2   5.8990
    143     1.775     8.000     3   5.9066 neglected
    144     2.104     8.000     3   5.9068 neglected
    145     2.771     8.000     4   5.9783
    146     1.359     8.000     3   5.9872 neglected
    147     5.734     8.000     3   6.0220
    148     4.211     8.000     3   6.0607
    149     1.605     8.000     3   6.0779 neglected
    150     2.360     8.000     3   6.1371 neglected
    151     3.772     8.000     3   6.1371
    152     2.716     8.000     3   6.1599
    153     7.534     4.000     2   6.1726
    154     3.888    16.000     3   6.1871
    155     3.810    16.000     3   6.1871
    156     4.482     8.000     3   6.1886
    157     2.695     8.000     3   6.2315
    158     3.615     2.000     2   6.2428
    159     6.900     2.000     2   6.2720
    160     2.486     2.000     3   6.2720 neglected
    161    27.904     4.000     3   6.2720
    162     4.597     2.000     4   6.2720
    163    29.203     2.000     4   6.2720
    164     4.330     8.000     4   6.2824
    165     2.232     8.000     3   6.3110 neglected
    166     5.697     8.000     3   6.3244
    167    13.083     4.000     2   6.3799
    168     2.425     4.000     3   6.3852 neglected
    169     4.657     4.000     3   6.3852
    170     3.200     4.000     3   6.3927
    171    11.118     4.000     3   6.3927
    172     9.953     4.000     3   6.3927
    173     3.297     2.000     2   6.4014
    174     5.537     4.000     3   6.4031
    175     5.843     4.000     4   6.4056
    176     4.834     2.000     4   6.4056
    177     8.121     4.000     4   6.4056
    178     3.865     2.000     4   6.4056
    179     4.787     8.000     3   6.4117
    180     3.267     4.000     4   6.4261
    181     7.649     4.000     4   6.4260
    182     6.434     4.000     2   6.4442
    183     6.133     8.000     4   6.4722
    184     8.673     8.000     3   6.4897
    185     3.599     4.000     4   6.5353
    186     3.488     8.000     4   6.5602
    187     1.868     8.000     3   6.5709 neglected
    188     3.794     8.000     4   6.5709
    189     4.420     8.000     4   6.5709
    190     5.954     4.000     2   6.5799
    191     2.286     8.000     3   6.5912 neglected
    192     7.116     8.000     3   6.5912
    193     4.771     8.000     4   6.6367
    194     5.624     4.000     2   6.6808
    195     8.099     8.000     3   6.7019
    196     2.191     8.000     3   6.7147 neglected
    197     6.976     8.000     3   6.7147
    198     4.650     8.000     3   6.7147
    199     1.099     8.000     4   6.7382 neglected
    200     4.195    16.000     3   6.7445
    201     2.576     8.000     3   6.7459 neglected
    202     4.841     8.000     3   6.8005
    203     3.742     8.000     3   6.8098
    204     8.428     8.000     4   6.8159
    205     2.106     8.000     4   6.8159 neglected
    206     4.657     8.000     4   6.8372
    207     1.036     8.000     4   6.8496 neglected
    208     2.623     4.000     4   6.8496 neglected
    209     3.171     8.000     4   6.8526
    210     4.750     8.000     4   6.8699
    211     4.970     8.000     4   6.8699
    212     4.918     4.000     2   6.9215
    213     2.978     8.000     4   6.9462
    214     3.367     4.000     3   6.9695
    215     4.745     4.000     2   6.9862
    216     4.740     4.000     2   6.9884
    217     6.258     8.000     3   7.0210
    218     4.225     8.000     3   7.0228
    219     6.391     8.000     3   7.0287
    220     4.623     4.000     2   7.0338
    221     5.457     8.000     3   7.0632
    222     4.451     4.000     2   7.1035
    223    18.471     8.000     2   7.1090
    224     6.180     8.000     3   7.1090
    225    69.545    16.000     3   7.1090
    226    10.277     8.000     4   7.1090
    227     1.891     8.000     4   7.1090 neglected
    228    68.411     8.000     4   7.1090
    229     3.079     8.000     3   7.1102
    230     4.391     4.000     2   7.1283
    231     5.303     8.000     3   7.1282
    232     4.066     8.000     3   7.1311
    233     2.805     8.000     4   7.1435
    234     2.616     8.000     4   7.1646 neglected
    235     4.994     8.000     3   7.1674
    236     3.433     8.000     4   7.1686
    237     3.053     8.000     3   7.1699
    238     2.653     8.000     3   7.2460 neglected
    239     2.895     8.000     3   7.2566
    240     2.959     8.000     3   7.2566
    241     4.833     8.000     4   7.2566
    242     4.889     8.000     4   7.2566
    243     4.096     4.000     2   7.2570
    244     2.878     8.000     3   7.2574
    245     2.962     8.000     3   7.2573
    246     4.805     8.000     4   7.2574
    247     4.897     8.000     4   7.2573
    248     5.087     8.000     3   7.2617
    249     2.930     8.000     3   7.2632
    250    17.156     8.000     2   7.2695
    251     6.432     8.000     3   7.2749
    252     4.022     4.000     2   7.2909
    253     3.447     8.000     3   7.3117
    254     1.985     8.000     3   7.3193 neglected
    255     2.480     8.000     4   7.3280 neglected
    256     2.482     8.000     4   7.3280 neglected
    257     4.803     8.000     4   7.3280
    258     4.807     8.000     4   7.3280
    259    16.637     8.000     2   7.3369
    260     3.612     8.000     3   7.3802
    261     3.571     8.000     3   7.3802
    262     2.273     8.000     3   7.3830 neglected
    263     3.618     8.000     3   7.3830
    264     7.267     8.000     3   7.3830
    265     5.546     8.000     3   7.4069
    266     5.256     8.000     3   7.4069
    267     3.963     8.000     3   7.4375
    268     3.422     8.000     3   7.4375
    269     3.015     8.000     3   7.4720
    270     2.023     8.000     4   7.4751 neglected
    271     3.340     8.000     4   7.4751
    272     4.169     4.000     4   7.4751
    273     1.467     8.000     3   7.5227 neglected
    274     4.446     8.000     4   7.5691
    275     3.366     4.000     2   7.6274
    276     2.111    16.000     3   7.6539 neglected
    277     2.498    16.000     3   7.6539 neglected
    278     3.291     4.000     2   7.6709
    279     3.127     8.000     3   7.6790
    280    12.815     8.000     3   7.6790
    281     5.201     8.000     4   7.6870
    282    12.768     4.000     4   7.6870
    283     3.975     8.000     3   7.6957
    284     2.762     8.000     4   7.6957
    285    11.026     8.000     4   7.6957
    286     7.925     8.000     4   7.7037
    287     7.039     4.000     2   7.7100
    288     2.102    16.000     3   7.7150 neglected
    289     2.460    16.000     3   7.7150 neglected
    290     4.382     8.000     3   7.7376
    291     6.941     4.000     2   7.7418
    292     3.137     4.000     2   7.7631
    293     4.367     8.000     3   7.7901
    294     3.523     8.000     3   7.7901
    295     3.041     4.000     2   7.8228
    296     3.483     8.000     3   7.8289
    297     4.207     8.000     3   7.8670
    298     4.168     8.000     4   7.9003
    299     4.158     8.000     3   7.9231
    300     6.808     8.000     3   7.9705
    301     3.403     8.000     3   7.9705
    302     4.418     4.000     4   8.0025
    303     3.900     8.000     4   8.0025
    304     1.270     8.000     4   8.1070 neglected
    305     5.188     8.000     4   8.1070
    306     3.599     8.000     4   8.1389
    307     3.415     8.000     3   8.2149
    308     3.949     8.000     3   8.2937
    309     4.484     4.000     3   8.3623
    310     3.612     4.000     4   8.3690
    311     4.466     2.000     4   8.3690
    312     3.690     4.000     4   8.3751
    313    10.191     8.000     2   8.4641
    314     9.975     8.000     2   8.5155
    315     3.561     8.000     3   8.5221
    316     3.409     8.000     3   8.5221
    317     4.094     8.000     3   8.5237
    318     3.285     8.000     3   8.5237
    319     9.740     8.000     2   8.5732
    320     3.065     8.000     3   8.5843
    321     2.946     8.000     3   8.5843
    322     2.810     8.000     3   8.5998
    323     2.330     8.000     4   8.6210 neglected
    324     1.810    16.000     3   8.6419 neglected
    325     4.200    16.000     3   8.6419
    326     3.941    16.000     3   8.6419
    327     2.458    16.000     3   8.7709 neglected
    328     2.471    16.000     3   8.8221 neglected
    329     2.450    16.000     3   8.8221 neglected
    330     4.441     8.000     3   8.9400
    331     8.366     8.000     2   8.9466
    332     4.405     8.000     3   8.9558
    333     6.924     4.000     3   8.9678
    334     6.121     2.000     4   8.9678
    335     5.551     8.000     3   8.9692
    336     4.951     8.000     3   8.9692
    337     3.151     8.000     4   8.9918
    338     5.065     8.000     4   9.0114
    339     5.033     8.000     4   9.0265
    340     4.070     8.000     4   9.0267
    341     4.041     8.000     4   9.0417
    342     6.588     4.000     3   9.0770
    343     5.786     2.000     4   9.0770
    344     4.557    16.000     3   9.0923
    345     4.357    16.000     3   9.0923
    346     3.882     8.000     3   9.3937
    347     6.286     4.000     3   9.4080
    348     5.674     4.000     3   9.4080
    349    10.780     4.000     4   9.4080
    350     5.901     2.000     4   9.4080
    351    10.861     4.000     4   9.4080
    352     4.810     2.000     4   9.4080
    353     3.371     8.000     4   9.4104
    354     3.363     4.000     2   9.5003
    355     3.233     4.000     2   9.6035
    356     6.237     8.000     2   9.6975
    357     3.799     8.000     3   9.7248
    358     3.355     8.000     3   9.7248
    359     3.928    16.000     3   9.8159
    360     3.820    16.000     3   9.8159
  302 paths kept,  360 examined.
 Done with module 5: F_eff.
