# beta-PtO2, orthorhombic, PDF# 43-1045        Feff8L (EXAFS)       0.1      
# POT  Non-SCF, core-hole, AFOLP (folp(0)= 1.150)
# Abs   Z=78 Rmt= 1.303 Rnm= 1.388 L3 shell
# Pot 1 Z=78 Rmt= 1.307 Rnm= 1.400
# Pot 2 Z= 8 Rmt= 0.993 Rnm= 1.061
# Gam_ch=5.171E+00 H-L exch
# Mu= 6.451E+00 kf=2.428E+00 Vint=-1.600E+01 Rs_int= 1.494
# PATH  Rmax=10.000,  Keep_limit= 0.00, Heap_limit 0.00  Pwcrit= 2.50%
#  S02=1.000                                        Global_sig2= 0.00000
#  Curved wave amplitude ratio filter   4.000%
#     file         sig2 tot  cw amp ratio   deg  nlegs   reff  inp sig2
#           1       0.00000    100.00      2.00     2   1.9891
#           2       0.00000    196.90      4.00     2   2.0034
#           3       0.00000     40.78      2.00     2   3.1360
#           4       0.00000     30.79      2.00     2   3.1837
#           5       0.00000     10.30      4.00     3   3.2504
#           6       0.00000     23.68      8.00     3   3.3775
#           7       0.00000     24.34      8.00     3   3.4375
#           8       0.00000    125.80      8.00     2   3.5545
#           9       0.00000     11.48      4.00     3   3.5714
#          10       0.00000      6.21      8.00     3   3.5714
#          11       0.00000     20.87      2.00     2   3.6504
#          12       0.00000     39.68      4.00     2   3.7136
#          13       0.00000     15.86      8.00     3   3.7735
#          14       0.00000     15.91      8.00     3   3.7735
#          15       0.00000     35.93      4.00     2   3.8406
#          16       0.00000      5.44      8.00     3   3.9748
#          17       0.00000     11.82      2.00     3   3.9782
#          18       0.00000     32.30      2.00     4   3.9782
#          19       0.00000      7.17      2.00     4   3.9782
#          20       0.00000      4.90      4.00     4   3.9925
#          21       0.00000      4.89      4.00     4   3.9925
#          22       0.00000     12.08      8.00     4   3.9925
#          23       0.00000     12.27      8.00     4   3.9925
#          24       0.00000     22.97      4.00     3   4.0068
#          25       0.00000     62.39      4.00     4   4.0068
#          26       0.00000     13.88      4.00     4   4.0068
#          27       0.00000      4.57      4.00     4   4.0068
#          28       0.00000      5.16      4.00     4   4.0068
#          29       0.00000      6.46      8.00     3   4.2398
#          30       0.00000      5.24      8.00     3   4.2682
#          31       0.00000     25.58      4.00     2   4.2933
#          32       0.00000      7.28      8.00     3   4.2992
#          33       0.00000      5.41      8.00     3   4.2998
#          34       0.00000      6.03      8.00     3   4.3561
#          36       0.00000     11.70      2.00     2   4.4165
#          38       0.00000      5.02      8.00     3   4.4194
#          39       0.00000     21.76      4.00     3   4.4498
#          40       0.00000     22.55      4.00     2   4.4688
#          41       0.00000     11.09      2.00     4   4.4831
#          42       0.00000     18.05      2.00     2   4.4839
#          43       0.00000      4.16      4.00     4   4.4974
#          44       0.00000     11.92      8.00     3   4.5224
#          45       0.00000     17.49      2.00     2   4.5385
#          46       0.00000      4.08      8.00     3   4.6042
#          47       0.00000     17.03      8.00     3   4.6174
#          48       0.00000      4.07      8.00     3   4.6358
#          49       0.00000      4.04      8.00     3   4.6921
#          53       0.00000      6.56      4.00     4   4.7659
#          54       0.00000     17.77      4.00     2   4.8125
#          55       0.00000     30.23      8.00     3   4.8492
#          59       0.00000     17.13      4.00     2   4.8665
#          60       0.00000      4.55      8.00     3   4.8666
#          63       0.00000     14.49      4.00     4   4.8859
#          64       0.00000      4.41      8.00     3   4.9184
#          65       0.00000      4.99      8.00     3   4.9872
#          66       0.00000      6.67      8.00     3   5.0029
#          67       0.00000     13.47      8.00     3   5.0029
#          68       0.00000     24.40      8.00     3   5.0029
#          69       0.00000      5.30      8.00     3   5.0134
#          70       0.00000      4.76      8.00     4   5.0205
#          71       0.00000      5.36     16.00     3   5.1225
#          75       0.00000      5.33      4.00     4   5.1394
#          76       0.00000      6.87      4.00     4   5.1394
#          78       0.00000     12.89      8.00     4   5.1394
#          79       0.00000      4.06      8.00     3   5.1852
#          80       0.00000      7.45      8.00     3   5.1852
#          85       0.00000      6.25      8.00     4   5.2219
#          88       0.00000     12.08      4.00     2   5.4008
#          89       0.00000     11.95      4.00     2   5.4166
#          91       0.00000      6.96      8.00     4   5.4383
#          93       0.00000     20.84      4.00     2   5.4717
#          94       0.00000      7.59      8.00     3   5.4722
#          95       0.00000     28.01      8.00     3   5.4722
#          96       0.00000      7.55      8.00     3   5.4872
#          97       0.00000     27.85      8.00     3   5.4872
#          99       0.00000     20.35      4.00     2   5.5166
#         100       0.00000      7.39      8.00     4   5.5436
#         102       0.00000     18.52      4.00     4   5.5436
#         103       0.00000     11.00      4.00     2   5.5490
#         104       0.00000      7.41      8.00     4   5.5579
#         106       0.00000     18.46      4.00     4   5.5579
#         111       0.00000      5.82      8.00     3   5.6578
#         112       0.00000      6.33      8.00     3   5.6578
#         113       0.00000     37.26      8.00     2   5.6836
#         115       0.00000      4.23      8.00     4   5.6912
#         116       0.00000     11.18      8.00     4   5.6912
#         117       0.00000     31.52      8.00     3   5.7003
#         118       0.00000     28.46      8.00     3   5.7003
#         120       0.00000     11.05      8.00     4   5.7062
#         123       0.00000     13.80      4.00     4   5.7170
#         124       0.00000     11.22      4.00     4   5.7170
#         126       0.00000      6.63      8.00     3   5.7476
#         128       0.00000      5.19      8.00     4   5.7626
#         130       0.00000      5.15      8.00     4   5.7769
#         131       0.00000      9.49      4.00     2   5.7869
#         133       0.00000      4.96      8.00     4   5.8049
#         140       0.00000      9.04      4.00     2   5.8668
#         142       0.00000      4.43      2.00     2   5.8990
#         147       0.00000      5.73      8.00     3   6.0220
#         148       0.00000      4.21      8.00     3   6.0607
#         153       0.00000      7.53      4.00     2   6.1726
#         156       0.00000      4.48      8.00     3   6.1886
#         159       0.00000      6.90      2.00     2   6.2720
#         161       0.00000     27.90      4.00     3   6.2720
#         162       0.00000      4.60      2.00     4   6.2720
#         163       0.00000     29.20      2.00     4   6.2720
#         164       0.00000      4.33      8.00     4   6.2824
#         166       0.00000      5.70      8.00     3   6.3244
#         167       0.00000     13.08      4.00     2   6.3799
#         169       0.00000      4.66      4.00     3   6.3852
#         171       0.00000     11.12      4.00     3   6.3927
#         172       0.00000      9.95      4.00     3   6.3927
#         174       0.00000      5.54      4.00     3   6.4031
#         175       0.00000      5.84      4.00     4   6.4056
#         176       0.00000      4.83      2.00     4   6.4056
#         177       0.00000      8.12      4.00     4   6.4056
#         179       0.00000      4.79      8.00     3   6.4117
#         181       0.00000      7.65      4.00     4   6.4260
#         182       0.00000      6.43      4.00     2   6.4442
#         183       0.00000      6.13      8.00     4   6.4722
#         184       0.00000      8.67      8.00     3   6.4897
#         189       0.00000      4.42      8.00     4   6.5709
#         190       0.00000      5.95      4.00     2   6.5799
#         192       0.00000      7.12      8.00     3   6.5912
#         193       0.00000      4.77      8.00     4   6.6367
#         194       0.00000      5.62      4.00     2   6.6808
#         195       0.00000      8.10      8.00     3   6.7019
#         197       0.00000      6.98      8.00     3   6.7147
#         198       0.00000      4.65      8.00     3   6.7147
#         200       0.00000      4.20     16.00     3   6.7445
#         202       0.00000      4.84      8.00     3   6.8005
#         204       0.00000      8.43      8.00     4   6.8159
#         206       0.00000      4.66      8.00     4   6.8372
#         210       0.00000      4.75      8.00     4   6.8699
#         211       0.00000      4.97      8.00     4   6.8699
#         212       0.00000      4.92      4.00     2   6.9215
#         215       0.00000      4.74      4.00     2   6.9862
#         216       0.00000      4.74      4.00     2   6.9884
#         217       0.00000      6.26      8.00     3   7.0210
#         218       0.00000      4.22      8.00     3   7.0228
#         219       0.00000      6.39      8.00     3   7.0287
#         220       0.00000      4.62      4.00     2   7.0338
#         221       0.00000      5.46      8.00     3   7.0632
#         222       0.00000      4.45      4.00     2   7.1035
#         223       0.00000     18.47      8.00     2   7.1090
#         224       0.00000      6.18      8.00     3   7.1090
#         225       0.00000     69.54     16.00     3   7.1090
#         226       0.00000     10.28      8.00     4   7.1090
#         228       0.00000     68.41      8.00     4   7.1090
#         230       0.00000      4.39      4.00     2   7.1283
#         231       0.00000      5.30      8.00     3   7.1282
#         232       0.00000      4.07      8.00     3   7.1311
#         235       0.00000      4.99      8.00     3   7.1674
#         241       0.00000      4.83      8.00     4   7.2566
#         242       0.00000      4.89      8.00     4   7.2566
#         243       0.00000      4.10      4.00     2   7.2570
#         246       0.00000      4.80      8.00     4   7.2574
#         247       0.00000      4.90      8.00     4   7.2574
#         248       0.00000      5.09      8.00     3   7.2617
#         250       0.00000     17.16      8.00     2   7.2695
#         251       0.00000      6.43      8.00     3   7.2749
#         252       0.00000      4.02      4.00     2   7.2909
#         257       0.00000      4.80      8.00     4   7.3280
#         258       0.00000      4.81      8.00     4   7.3280
#         259       0.00000     16.64      8.00     2   7.3369
#         264       0.00000      7.27      8.00     3   7.3830
#         265       0.00000      5.55      8.00     3   7.4069
#         266       0.00000      5.26      8.00     3   7.4069
#         272       0.00000      4.17      4.00     4   7.4751
#         274       0.00000      4.45      8.00     4   7.5691
#         280       0.00000     12.82      8.00     3   7.6790
#         281       0.00000      5.20      8.00     4   7.6870
#         282       0.00000     12.77      4.00     4   7.6870
#         285       0.00000     11.03      8.00     4   7.6957
#         286       0.00000      7.93      8.00     4   7.7037
#         287       0.00000      7.04      4.00     2   7.7100
#         290       0.00000      4.38      8.00     3   7.7376
#         291       0.00000      6.94      4.00     2   7.7418
#         293       0.00000      4.37      8.00     3   7.7901
#         297       0.00000      4.21      8.00     3   7.8670
#         298       0.00000      4.17      8.00     4   7.9003
#         299       0.00000      4.16      8.00     3   7.9231
#         300       0.00000      6.81      8.00     3   7.9705
#         302       0.00000      4.42      4.00     4   8.0025
#         305       0.00000      5.19      8.00     4   8.1070
#         309       0.00000      4.48      4.00     3   8.3623
#         311       0.00000      4.47      2.00     4   8.3690
#         313       0.00000     10.19      8.00     2   8.4641
#         314       0.00000      9.98      8.00     2   8.5155
#         317       0.00000      4.09      8.00     3   8.5237
#         319       0.00000      9.74      8.00     2   8.5732
#         325       0.00000      4.20     16.00     3   8.6419
#         330       0.00000      4.44      8.00     3   8.9400
#         331       0.00000      8.37      8.00     2   8.9466
#         332       0.00000      4.41      8.00     3   8.9558
#         333       0.00000      6.92      4.00     3   8.9678
#         334       0.00000      6.12      2.00     4   8.9678
#         335       0.00000      5.55      8.00     3   8.9692
#         336       0.00000      4.95      8.00     3   8.9692
#         338       0.00000      5.07      8.00     4   9.0114
#         339       0.00000      5.03      8.00     4   9.0265
#         340       0.00000      4.07      8.00     4   9.0267
#         341       0.00000      4.04      8.00     4   9.0417
#         342       0.00000      6.59      4.00     3   9.0770
#         343       0.00000      5.79      2.00     4   9.0770
#         344       0.00000      4.56     16.00     3   9.0923
#         345       0.00000      4.36     16.00     3   9.0923
#         347       0.00000      6.29      4.00     3   9.4080
#         348       0.00000      5.67      4.00     3   9.4080
#         349       0.00000     10.78      4.00     4   9.4080
#         350       0.00000      5.90      2.00     4   9.4080
#         351       0.00000     10.86      4.00     4   9.4080
#         352       0.00000      4.81      2.00     4   9.4080
#         356       0.00000      6.24      8.00     2   9.6975
#   214/ 302 paths used
#  xsedge+50, used to normalize mu           3.8856E-04
#  -----------------------------------------------------------------------
#  omega    e    k    mu    mu0     chi     @#
   11562.637      6.451   0.000  2.61122E-01  5.00684E-01 -2.30868E-01
   11562.646      6.460   0.050  2.62728E-01  5.03073E-01 -2.31704E-01
   11562.675      6.489   0.100  2.64352E-01  5.05462E-01 -2.32523E-01
   11562.723      6.536   0.150  2.69258E-01  5.12564E-01 -2.34880E-01
   11562.789      6.603   0.200  2.74321E-01  5.19665E-01 -2.37090E-01
   11562.875      6.689   0.250  2.82938E-01  5.31343E-01 -2.40447E-01
   11562.980      6.793   0.300  2.91983E-01  5.43021E-01 -2.43399E-01
   11563.104      6.917   0.350  3.04837E-01  5.58882E-01 -2.46864E-01
   11563.246      7.060   0.400  3.18496E-01  5.74742E-01 -2.49561E-01
   11563.408      7.222   0.450  3.35904E-01  5.93911E-01 -2.51963E-01
   11563.589      7.403   0.500  3.54513E-01  6.13081E-01 -2.53201E-01
   11563.789      7.603   0.550  3.76257E-01  6.34129E-01 -2.53309E-01
   11564.008      7.822   0.600  3.99464E-01  6.55178E-01 -2.51976E-01
   11564.247      8.060   0.650  4.24553E-01  6.76347E-01 -2.48958E-01
   11564.504      8.317   0.700  4.51015E-01  6.97515E-01 -2.44558E-01
   11564.780      8.594   0.750  4.77741E-01  7.17200E-01 -2.38423E-01
   11565.075      8.889   0.800  5.05192E-01  7.36884E-01 -2.31518E-01
   11565.390      9.203   0.850  5.30969E-01  7.54049E-01 -2.23722E-01
   11565.723      9.537   0.900  5.56257E-01  7.71214E-01 -2.16361E-01
   11566.075      9.889   0.950  5.77888E-01  7.85485E-01 -2.09699E-01
   11566.447     10.261   1.000  5.97600E-01  7.99757E-01 -2.04935E-01
   11566.837     10.651   1.050  6.12050E-01  8.11256E-01 -2.02631E-01
   11567.247     11.061   1.100  6.23683E-01  8.22756E-01 -2.03186E-01
   11567.676     11.489   1.150  6.29592E-01  8.31864E-01 -2.07099E-01
   11568.123     11.937   1.200  6.33167E-01  8.40973E-01 -2.13434E-01
   11568.590     12.404   1.250  6.32400E-01  8.48151E-01 -2.22212E-01
   11569.076     12.889   1.300  6.31459E-01  8.55329E-01 -2.31220E-01
   11569.580     13.394   1.350  6.29277E-01  8.61023E-01 -2.39923E-01
   11570.104     13.918   1.400  6.29905E-01  8.66718E-01 -2.45750E-01
   11570.647     14.461   1.450  6.32689E-01  8.71314E-01 -2.48102E-01
   11571.209     15.023   1.500  6.40294E-01  8.75911E-01 -2.45441E-01
   11571.790     15.604   1.550  6.51788E-01  8.79726E-01 -2.37775E-01
   11572.390     16.204   1.600  6.67639E-01  8.83541E-01 -2.25534E-01
   11573.009     16.823   1.650  6.86485E-01  8.86824E-01 -2.09459E-01
   11573.648     17.461   1.700  7.07071E-01  8.90107E-01 -1.91536E-01
   11574.305     18.119   1.750  7.28256E-01  8.93049E-01 -1.72506E-01
   11574.981     18.795   1.800  7.48455E-01  8.95990E-01 -1.54495E-01
   11575.676     19.490   1.850  7.67547E-01  8.98736E-01 -1.37356E-01
   11576.391     20.205   1.900  7.84503E-01  9.01482E-01 -1.22458E-01
   11577.124     20.938   1.950  8.00036E-01  9.04185E-01 -1.08960E-01
   11577.877     21.691   2.000  8.13144E-01  9.06888E-01 -9.80118E-02
   11578.648     22.462   2.050  8.24152E-01  9.09361E-01 -8.89794E-02
   11579.439     23.253   2.100  8.31307E-01  9.11835E-01 -8.39885E-02
   11580.248     24.062   2.150  8.34092E-01  9.14309E-01 -8.35617E-02
   11581.077     24.891   2.200  8.32616E-01  9.16782E-01 -8.75687E-02
   11581.925     25.739   2.250  8.27129E-01  9.19272E-01 -9.57020E-02
   11582.792     26.605   2.300  8.20788E-01  9.21761E-01 -1.04692E-01
   11583.677     27.491   2.350  8.18190E-01  9.24251E-01 -1.09776E-01
   11584.582     28.396   2.400  8.24290E-01  9.26740E-01 -1.05856E-01
   11585.506     29.320   2.450  8.44316E-01  9.28999E-01 -8.73172E-02
   11586.449     30.263   2.500  8.81523E-01  9.31257E-01 -5.11757E-02
   11587.411     31.225   2.550  9.33862E-01  9.33516E-01  3.54854E-04
   11588.392     32.206   2.600  9.95071E-01  9.35775E-01  6.07645E-02
   11589.392     33.206   2.650  1.05930E+00  9.36072E-01  1.26093E-01
   11590.412     34.225   2.700  1.10940E+00  9.36369E-01  1.76796E-01
   11591.450     35.264   2.750  1.13708E+00  9.36665E-01  2.04473E-01
   11592.507     36.321   2.800  1.14188E+00  9.36962E-01  2.08760E-01
   11593.583     37.397   2.850  1.13350E+00  9.36834E-01  2.00063E-01
   11594.679     38.493   2.900  1.12370E+00  9.36706E-01  1.89959E-01
   11595.793     39.607   2.950  1.11812E+00  9.36578E-01  1.84151E-01
   11596.927     40.740   3.000  1.11714E+00  9.36450E-01  1.83031E-01
   11598.079     41.893   3.050  1.11601E+00  9.37576E-01  1.80315E-01
   11599.251     43.065   3.100  1.11281E+00  9.38702E-01  1.75524E-01
   11600.441     44.255   3.150  1.10496E+00  9.39828E-01  1.66087E-01
   11601.651     45.465   3.200  1.09035E+00  9.40953E-01  1.49907E-01
   11602.880     46.694   3.250  1.06815E+00  9.42554E-01  1.25888E-01
   11604.128     47.941   3.300  1.03870E+00  9.44154E-01  9.46672E-02
   11605.394     49.208   3.350  1.00443E+00  9.45755E-01  5.86900E-02
   11606.680     50.494   3.400  9.68962E-01  9.47355E-01  2.15912E-02
   11607.985     51.799   3.450  9.34020E-01  9.47713E-01 -1.36836E-02
   11609.309     53.123   3.500  9.05718E-01  9.48070E-01 -4.23271E-02
   11610.652     54.466   3.550  8.86421E-01  9.48427E-01 -6.19749E-02
   11612.014     55.828   3.600  8.76570E-01  9.48785E-01 -7.21845E-02
   11613.395     57.209   3.650  8.75062E-01  9.49370E-01 -7.43484E-02
   11614.795     58.609   3.700  8.79452E-01  9.49956E-01 -7.06096E-02
   11616.215     60.028   3.750  8.86492E-01  9.50541E-01 -6.42067E-02
   11617.653     61.467   3.800  8.93329E-01  9.51126E-01 -5.79958E-02
   11619.110     62.924   3.850  8.97247E-01  9.50611E-01 -5.36313E-02
   11620.587     64.400   3.900  8.98351E-01  9.50095E-01 -5.20845E-02
   11622.082     65.896   3.950  8.97110E-01  9.49579E-01 -5.28978E-02
   11623.597     67.410   4.000  8.94690E-01  9.49063E-01 -5.49035E-02
   11625.130     68.944   4.050  8.92420E-01  9.48532E-01 -5.67736E-02
   11626.683     70.496   4.100  8.91243E-01  9.48000E-01 -5.75442E-02
   11628.254     72.068   4.150  8.91499E-01  9.47469E-01 -5.68610E-02
   11629.845     73.659   4.200  8.92867E-01  9.46938E-01 -5.50430E-02
   11631.455     75.268   4.250  8.94006E-01  9.45902E-01 -5.29491E-02
   11633.083     76.897   4.300  8.94521E-01  9.44866E-01 -5.14837E-02
   11634.731     78.545   4.350  8.93871E-01  9.43830E-01 -5.12047E-02
   11636.398     80.212   4.400  8.92143E-01  9.42794E-01 -5.20328E-02
   11638.084     81.898   4.450  8.89505E-01  9.41496E-01 -5.35396E-02
   11639.789     83.603   4.500  8.87849E-01  9.40199E-01 -5.40393E-02
   11641.513     85.327   4.550  8.88620E-01  9.38901E-01 -5.20303E-02
   11643.256     87.070   4.600  8.92851E-01  9.37604E-01 -4.64232E-02
   11645.018     88.832   4.650  9.01033E-01  9.36529E-01 -3.69076E-02
   11646.799     90.613   4.700  9.12420E-01  9.35454E-01 -2.40061E-02
   11648.600     92.413   4.750  9.25653E-01  9.34380E-01 -9.11583E-03
   11650.419     94.233   4.800  9.39127E-01  9.33305E-01  6.09637E-03
   11652.257     96.071   4.850  9.51371E-01  9.32006E-01  2.03220E-02
   11654.114     97.928   4.900  9.61788E-01  9.30706E-01  3.26880E-02
   11655.991     99.805   4.950  9.70238E-01  9.29407E-01  4.30356E-02
   11657.886    101.700   5.000  9.76949E-01  9.28108E-01  5.15907E-02
   11659.801    103.615   5.050  9.82765E-01  9.27194E-01  5.88122E-02
   11661.734    105.548   5.100  9.87148E-01  9.26281E-01  6.45412E-02
   11663.687    107.501   5.150  9.89618E-01  9.25367E-01  6.82609E-02
   11665.659    109.473   5.200  9.89576E-01  9.24454E-01  6.93212E-02
   11667.649    111.463   5.250  9.86806E-01  9.23623E-01  6.73658E-02
   11669.659    113.473   5.300  9.81015E-01  9.22793E-01  6.21784E-02
   11671.688    115.502   5.350  9.72705E-01  9.21962E-01  5.42790E-02
   11673.736    117.550   5.400  9.62746E-01  9.21132E-01  4.45866E-02
   11675.803    119.617   5.450  9.52426E-01  9.20419E-01  3.43406E-02
   11677.889    121.703   5.500  9.42451E-01  9.19706E-01  2.44377E-02
   11679.994    123.808   5.550  9.33528E-01  9.18993E-01  1.56381E-02
   11682.118    125.932   5.600  9.26131E-01  9.18280E-01  8.45823E-03
   11684.261    128.075   5.650  9.20696E-01  9.17872E-01  3.04631E-03
   11686.423    130.237   5.700  9.16812E-01  9.17463E-01 -7.03804E-04
   11688.604    132.418   5.750  9.14064E-01  9.17055E-01 -3.23380E-03
   11690.805    134.618   5.800  9.11820E-01  9.16647E-01 -5.22349E-03
   11693.024    136.838   5.850  9.09465E-01  9.16252E-01 -7.35286E-03
   11695.262    139.076   5.900  9.06671E-01  9.15857E-01 -9.96186E-03
   11697.520    141.333   5.950  9.03521E-01  9.15462E-01 -1.29615E-02
   11699.796    143.610   6.000  9.00405E-01  9.15067E-01 -1.59315E-02
   11702.092    145.905   6.050  8.97484E-01  9.14763E-01 -1.87900E-02
   11704.406    148.220   6.100  8.94812E-01  9.14459E-01 -2.13827E-02
   11706.740    150.554   6.150  8.91912E-01  9.14154E-01 -2.42276E-02
   11709.093    152.906   6.200  8.88207E-01  9.13850E-01 -2.79544E-02
   11711.464    155.278   6.250  8.83556E-01  9.13546E-01 -3.27189E-02
   11713.855    157.669   6.300  8.78639E-01  9.13242E-01 -3.77827E-02
   11716.265    160.079   6.350  8.74867E-01  9.12937E-01 -4.16027E-02
   11718.694    162.507   6.400  8.73797E-01  9.12633E-01 -4.24743E-02
   11721.142    164.955   6.450  8.76326E-01  9.12329E-01 -3.94076E-02
   11723.609    167.422   6.500  8.82156E-01  9.12024E-01 -3.27203E-02
   11726.095    169.908   6.550  8.89817E-01  9.11573E-01 -2.38514E-02
   11728.600    172.413   6.600  8.97324E-01  9.11123E-01 -1.51383E-02
   11731.124    174.938   6.650  9.03336E-01  9.10672E-01 -8.05329E-03
   11733.667    177.481   6.700  9.07667E-01  9.10221E-01 -2.80547E-03
   11736.229    180.043   6.750  9.11141E-01  9.09770E-01  1.50817E-03
   11738.810    182.624   6.800  9.14887E-01  9.09319E-01  6.12722E-03
   11741.411    185.224   6.850  9.19526E-01  9.08868E-01  1.17352E-02
   11744.030    187.844   6.900  9.24737E-01  9.08417E-01  1.79829E-02
   11746.668    190.482   6.950  9.29417E-01  9.07966E-01  2.36543E-02
   11749.326    193.140   7.000  9.32248E-01  9.07515E-01  2.72931E-02
   11752.002    195.816   7.050  9.32030E-01  9.06893E-01  2.77562E-02
   11754.698    198.512   7.100  9.29009E-01  9.06271E-01  2.51227E-02
   11757.413    201.226   7.150  9.23815E-01  9.05649E-01  2.00838E-02
   11760.146    203.960   7.200  9.17520E-01  9.05027E-01  1.38205E-02
   11762.899    206.713   7.250  9.11436E-01  9.04405E-01  7.78280E-03
   11765.671    209.485   7.300  9.06944E-01  9.03783E-01  3.50100E-03
   11768.462    212.275   7.350  9.05200E-01  9.03161E-01  2.26047E-03
   11771.271    215.085   7.400  9.06653E-01  9.02539E-01  4.56215E-03
   11774.100    217.914   7.450  9.10554E-01  9.01917E-01  9.58364E-03
   11776.948    220.762   7.500  9.14887E-01  9.01295E-01  1.50910E-02
   11779.815    223.629   7.550  9.16988E-01  9.00586E-01  1.82220E-02
   11782.701    226.515   7.600  9.14759E-01  8.99878E-01  1.65432E-02
   11785.606    229.420   7.650  9.08183E-01  8.99169E-01  1.00264E-02
   11788.531    232.344   7.700  8.99605E-01  8.98461E-01  1.27352E-03
   11791.474    235.288   7.750  8.92770E-01  8.97753E-01 -5.54975E-03
   11794.436    238.250   7.800  8.90864E-01  8.97044E-01 -6.88783E-03
   11797.417    241.231   7.850  8.94636E-01  8.96336E-01 -1.89522E-03
   11800.418    244.232   7.900  9.01742E-01  8.95627E-01  6.82407E-03
   11803.437    247.251   7.950  9.07810E-01  8.94919E-01  1.43960E-02
   11806.476    250.289   8.000  9.08698E-01  8.94211E-01  1.61895E-02
   11809.533    253.347   8.050  9.02643E-01  8.93684E-01  1.00148E-02
   11812.610    256.424   8.100  8.91160E-01  8.93158E-01 -2.23500E-03
   11815.705    259.519   8.150  8.78256E-01  8.92632E-01 -1.60826E-02
   11818.820    262.634   8.200  8.68124E-01  8.92106E-01 -2.68392E-02
   11821.954    265.768   8.250  8.63139E-01  8.91579E-01 -3.18422E-02
   11825.106    268.920   8.300  8.63131E-01  8.91053E-01 -3.12734E-02
   11828.278    272.092   8.350  8.66138E-01  8.90527E-01 -2.73257E-02
   11831.469    275.283   8.400  8.69911E-01  8.90001E-01 -2.25173E-02
   11834.679    278.493   8.450  8.73129E-01  8.89474E-01 -1.83281E-02
   11837.908    281.722   8.500  8.75665E-01  8.88948E-01 -1.48996E-02
   11841.156    284.970   8.550  8.78046E-01  8.88435E-01 -1.16589E-02
   11844.423    288.237   8.600  8.80580E-01  8.87922E-01 -8.24307E-03
   11847.709    291.523   8.650  8.83166E-01  8.87409E-01 -4.76606E-03
   11851.014    294.828   8.700  8.85549E-01  8.86896E-01 -1.51345E-03
   11854.339    298.152   8.750  8.87810E-01  8.86383E-01  1.60473E-03
   11857.682    301.496   8.800  8.90460E-01  8.85870E-01  5.16263E-03
   11861.044    304.858   8.850  8.93961E-01  8.85357E-01  9.68063E-03
   11864.425    308.239   8.900  8.98051E-01  8.84844E-01  1.48658E-02
   11867.826    311.640   8.950  9.01505E-01  8.84331E-01  1.93390E-02
   11871.245    315.059   9.000  9.02666E-01  8.83818E-01  2.12339E-02
   11874.684    318.498   9.050  9.00398E-01  8.83228E-01  1.93540E-02
   11878.141    321.955   9.100  8.95076E-01  8.82639E-01  1.40276E-02
   11881.618    325.432   9.150  8.88525E-01  8.82049E-01  7.30770E-03
   11885.114    328.927   9.200  8.83010E-01  8.81460E-01  1.75067E-03
   11888.628    332.442   9.250  8.79931E-01  8.80870E-01 -1.06071E-03
   11892.162    335.976   9.300  8.79110E-01  8.80281E-01 -1.32313E-03
   11895.715    339.529   9.350  8.79166E-01  8.79691E-01 -5.94224E-04
   11899.287    343.101   9.400  8.78684E-01  8.79102E-01 -4.72895E-04
   11902.878    346.692   9.450  8.77327E-01  8.78512E-01 -1.34241E-03
   11906.488    350.301   9.500  8.76086E-01  8.77923E-01 -2.08093E-03
   11910.117    353.930   9.550  8.76432E-01  8.77211E-01 -8.82839E-04
   11913.765    357.579   9.600  8.79353E-01  8.76498E-01  3.24033E-03
   11917.432    361.246   9.650  8.84131E-01  8.75786E-01  9.47810E-03
   11921.118    364.932   9.700  8.88624E-01  8.75074E-01  1.54039E-02
   11924.823    368.637   9.750  8.90370E-01  8.74361E-01  1.82130E-02
   11928.547    372.361   9.800  8.87884E-01  8.73649E-01  1.62079E-02
   11932.291    376.105   9.850  8.81387E-01  8.72937E-01  9.62886E-03
   11936.053    379.867   9.900  8.72603E-01  8.72224E-01  4.31629E-04
   11939.835    383.648   9.950  8.63887E-01  8.71512E-01 -8.70293E-03
   11943.635    387.449  10.000  8.57259E-01  8.70800E-01 -1.54681E-02
   11947.455    391.268  10.050  8.53613E-01  8.69961E-01 -1.86917E-02
   11951.293    395.107  10.100  8.53259E-01  8.69121E-01 -1.81534E-02
   11955.151    398.964  10.150  8.55437E-01  8.68282E-01 -1.47144E-02
   11959.027    402.841  10.200  8.58787E-01  8.67443E-01 -9.92510E-03
   11962.923    406.737  10.250  8.61678E-01  8.66604E-01 -5.65294E-03
   11966.838    410.652  10.300  8.62674E-01  8.65764E-01 -3.55043E-03
   11970.772    414.585  10.350  8.61125E-01  8.64925E-01 -4.36976E-03
   11974.724    418.538  10.400  8.57637E-01  8.64086E-01 -7.42214E-03
   11978.696    422.510  10.450  8.54009E-01  8.63247E-01 -1.06427E-02
   11982.687    426.501  10.500  8.52442E-01  8.62407E-01 -1.14916E-02
   11986.697    430.511  10.550  8.54321E-01  8.61568E-01 -8.36542E-03
   11990.726    434.540  10.600  8.59255E-01  8.60729E-01 -1.70257E-03
   11994.775    438.588  10.650  8.65088E-01  8.59890E-01  6.01182E-03
   11998.842    442.655  10.700  8.68996E-01  8.59051E-01  1.15125E-02
   12002.928    446.742  10.750  8.69091E-01  8.58211E-01  1.26057E-02
   12007.033    450.847  10.800  8.65519E-01  8.57372E-01  9.44839E-03
   12011.157    454.971  10.850  8.60322E-01  8.56533E-01  4.39932E-03
   12015.301    459.115  10.900  8.56137E-01  8.55694E-01  5.14952E-04
   12019.463    463.277  10.950  8.54575E-01  8.54854E-01 -3.25352E-04
   12023.645    467.458  11.000  8.55366E-01  8.54015E-01  1.57250E-03
   12027.845    471.659  11.050  8.56830E-01  8.53205E-01  4.22490E-03
   12032.065    475.878  11.100  8.57075E-01  8.52395E-01  5.45904E-03
   12036.303    480.117  11.150  8.55405E-01  8.51585E-01  4.46045E-03
   12040.561    484.375  11.200  8.52639E-01  8.50775E-01  2.17915E-03
   12044.838    488.651  11.250  8.50375E-01  8.49965E-01  4.79983E-04
   12049.133    492.947  11.300  8.49765E-01  8.49154E-01  7.14943E-04
   12053.448    497.262  11.350  8.50736E-01  8.48344E-01  2.80371E-03
   12057.782    501.596  11.400  8.52187E-01  8.47534E-01  5.45876E-03
   12062.135    505.949  11.450  8.52920E-01  8.46724E-01  7.27637E-03
   12066.507    510.321  11.500  8.52510E-01  8.45914E-01  7.75381E-03
   12070.898    514.712  11.550  8.51394E-01  8.45104E-01  7.40119E-03
   12075.308    519.122  11.600  8.50156E-01  8.44294E-01  6.90467E-03
   12079.737    523.551  11.650  8.48683E-01  8.43484E-01  6.12983E-03
   12084.185    527.999  11.700  8.46014E-01  8.42673E-01  3.94206E-03
   12088.652    532.466  11.750  8.41162E-01  8.41863E-01 -8.28168E-04
   12093.139    536.953  11.800  8.34329E-01  8.41053E-01 -7.95031E-03
   12097.644    541.458  11.850  8.27471E-01  8.40243E-01 -1.51158E-02
   12102.168    545.982  11.900  8.23532E-01  8.39433E-01 -1.88360E-02
   12106.712    550.526  11.950  8.24635E-01  8.38623E-01 -1.65866E-02
   12111.274    555.088  12.000  8.30391E-01  8.37813E-01 -8.80869E-03
   12115.856    559.670  12.050  8.37473E-01  8.36877E-01  7.07977E-04
   12120.456    564.270  12.100  8.41718E-01  8.35942E-01  6.87263E-03
   12125.076    568.890  12.150  8.40146E-01  8.35006E-01  6.12169E-03
   12129.715    573.528  12.200  8.33051E-01  8.34070E-01 -1.21578E-03
   12134.372    578.186  12.250  8.24051E-01  8.33135E-01 -1.08450E-02
   12139.049    582.863  12.300  8.18085E-01  8.32199E-01 -1.68699E-02
   12143.745    587.559  12.350  8.18565E-01  8.31264E-01 -1.51959E-02
   12148.460    592.273  12.400  8.25423E-01  8.30328E-01 -5.87707E-03
   12153.194    597.007  12.450  8.35233E-01  8.29393E-01  7.00465E-03
   12157.947    601.760  12.500  8.43241E-01  8.28457E-01  1.77536E-02
   12162.719    606.532  12.550  8.45962E-01  8.27522E-01  2.21698E-02
   12167.510    611.323  12.600  8.42741E-01  8.26586E-01  1.94451E-02
   12172.320    616.133  12.650  8.35513E-01  8.25650E-01  1.18858E-02
   12177.149    620.963  12.700  8.27190E-01  8.24715E-01  2.98642E-03
   12181.997    625.811  12.750  8.19937E-01  8.23779E-01 -4.64136E-03
   12186.864    630.678  12.800  8.14458E-01  8.22844E-01 -1.01416E-02
   12191.751    635.564  12.850  8.10503E-01  8.21908E-01 -1.38098E-02
   12196.656    640.470  12.900  8.07895E-01  8.20973E-01 -1.58525E-02
   12201.580    645.394  12.950  8.07106E-01  8.20037E-01 -1.56938E-02
   12206.524    650.338  13.000  8.08897E-01  8.19101E-01 -1.23996E-02
   12211.486    655.300  13.050  8.13332E-01  8.18096E-01 -5.79671E-03
   12216.468    660.282  13.100  8.19412E-01  8.17091E-01  2.82753E-03
   12221.468    665.282  13.150  8.25191E-01  8.16086E-01  1.11069E-02
   12226.488    670.302  13.200  8.28836E-01  8.15081E-01  1.68001E-02
   12231.527    675.341  13.250  8.29613E-01  8.14076E-01  1.90025E-02
   12236.585    680.398  13.300  8.28098E-01  8.13070E-01  1.84029E-02
   12241.661    685.475  13.350  8.25455E-01  8.12065E-01  1.64183E-02
   12246.757    690.571  13.400  8.22412E-01  8.11060E-01  1.39373E-02
   12251.872    695.686  13.450  8.18770E-01  8.10055E-01  1.07138E-02
   12257.006    700.820  13.500  8.13847E-01  8.09050E-01  5.90483E-03
   12262.159    705.973  13.550  8.07467E-01  8.08045E-01 -7.11978E-04
   12267.331    711.145  13.600  8.00628E-01  8.07039E-01 -7.91274E-03
   12272.522    716.336  13.650  7.95189E-01  8.06034E-01 -1.34031E-02
   12277.732    721.546  13.700  7.92701E-01  8.05029E-01 -1.52558E-02
   12282.962    726.775  13.750  7.93232E-01  8.04024E-01 -1.33720E-02
   12288.210    732.024  13.800  7.95117E-01  8.03019E-01 -9.80338E-03
   12293.477    737.291  13.850  7.95931E-01  8.02014E-01 -7.55732E-03
   12298.763    742.577  13.900  7.94077E-01  8.01008E-01 -8.62318E-03
   12304.069    747.883  13.950  7.89912E-01  8.00003E-01 -1.25696E-02
   12309.393    753.207  14.000  7.85617E-01  7.98998E-01 -1.66902E-02
   12314.737    758.551  14.050  7.83945E-01  7.98023E-01 -1.75821E-02
   12320.099    763.913  14.100  7.86501E-01  7.97048E-01 -1.31886E-02
   12325.481    769.295  14.150  7.92974E-01  7.96072E-01 -3.87916E-03
   12330.882    774.695  14.200  8.01389E-01  7.95097E-01  7.88962E-03
   12336.301    780.115  14.250  8.09168E-01  7.94122E-01  1.88901E-02
   12341.740    785.554  14.300  8.14177E-01  7.93146E-01  2.64377E-02
   12347.198    791.012  14.350  8.15209E-01  7.92171E-01  2.89991E-02
   12352.675    796.489  14.400  8.11925E-01  7.91196E-01  2.61269E-02
   12358.171    801.984  14.450  8.04691E-01  7.90221E-01  1.82632E-02
   12363.686    807.499  14.500  7.94644E-01  7.89245E-01  6.82247E-03
   12369.220    813.033  14.550  7.83826E-01  7.88270E-01 -5.62374E-03
   12374.773    818.586  14.600  7.74935E-01  7.87295E-01 -1.56605E-02
   12380.345    824.158  14.650  7.70397E-01  7.86319E-01 -2.02019E-02
   12385.936    829.750  14.700  7.71098E-01  7.85344E-01 -1.80989E-02
   12391.546    835.360  14.750  7.75642E-01  7.84369E-01 -1.11020E-02
   12397.175    840.989  14.800  7.80855E-01  7.83393E-01 -3.23393E-03
   12402.824    846.637  14.850  7.83489E-01  7.82418E-01  1.36554E-03
   12408.491    852.305  14.900  7.82133E-01  7.81443E-01  8.81979E-04
   12414.177    857.991  14.950  7.78050E-01  7.80468E-01 -3.09201E-03
   12419.883    863.697  15.000  7.74276E-01  7.79492E-01 -6.68015E-03
   12425.607    869.421  15.050  7.73468E-01  7.78422E-01 -6.35244E-03
   12431.351    875.165  15.100  7.76271E-01  7.77351E-01 -1.38675E-03
   12437.113    880.927  15.150  7.80827E-01  7.76280E-01  5.84761E-03
   12442.895    886.709  15.200  7.84267E-01  7.75210E-01  1.16665E-02
   12448.696    892.510  15.250  7.84749E-01  7.74139E-01  1.36856E-02
   12454.516    898.329  15.300  7.82588E-01  7.73069E-01  1.22979E-02
   12460.354    904.168  15.350  7.79701E-01  7.71998E-01  9.96557E-03
   12466.212    910.026  15.400  7.77858E-01  7.70927E-01  8.97901E-03
   12472.089    915.903  15.450  7.77182E-01  7.69857E-01  9.50511E-03
   12477.985    921.799  15.500  7.76085E-01  7.68786E-01  9.48485E-03
   12483.900    927.714  15.550  7.72663E-01  7.67716E-01  6.43810E-03
   12489.834    933.648  15.600  7.66406E-01  7.66645E-01 -3.11214E-04
   12495.787    939.601  15.650  7.58813E-01  7.65574E-01 -8.82548E-03
   12501.759    945.573  15.700  7.52376E-01  7.64504E-01 -1.58529E-02
   12507.751    951.564  15.750  7.48766E-01  7.63433E-01 -1.92002E-02
   12513.761    957.575  15.800  7.47695E-01  7.62363E-01 -1.92294E-02
   12519.790    963.604  15.850  7.47424E-01  7.61292E-01 -1.82082E-02
   12525.838    969.652  15.900  7.46527E-01  7.60221E-01 -1.80063E-02
   12531.906    975.720  15.950  7.45432E-01  7.59151E-01 -1.80663E-02
   12537.992    981.806  16.000  7.46343E-01  7.58080E-01 -1.54790E-02
   12544.098    987.912  16.050  7.51429E-01  7.56988E-01 -7.34297E-03
   12550.222    994.036  16.100  7.60654E-01  7.55897E-01  6.29241E-03
   12556.366   1000.180  16.150  7.70882E-01  7.54805E-01  2.12948E-02
   12562.529   1006.342  16.200  7.77389E-01  7.53713E-01  3.14052E-02
   12568.710   1012.524  16.250  7.76747E-01  7.52622E-01  3.20479E-02
   12574.911   1018.725  16.300  7.69085E-01  7.51530E-01  2.33545E-02
   12581.131   1024.945  16.350  7.58080E-01  7.50438E-01  1.01805E-02
   12587.370   1031.183  16.400  7.48617E-01  7.49346E-01 -9.73772E-04
   12593.628   1037.441  16.450  7.43779E-01  7.48255E-01 -5.98049E-03
   12599.904   1043.718  16.500  7.43254E-01  7.47163E-01 -5.23066E-03
   12606.200   1050.014  16.550  7.44178E-01  7.46071E-01 -2.53775E-03
   12612.515   1056.329  16.600  7.43606E-01  7.44980E-01 -1.84389E-03
   12618.850   1062.663  16.650  7.40672E-01  7.43888E-01 -4.32183E-03
   12625.203   1069.017  16.700  7.36865E-01  7.42796E-01 -7.98355E-03
   12631.575   1075.389  16.750  7.34412E-01  7.41704E-01 -9.82965E-03
   12637.966   1081.780  16.800  7.34261E-01  7.40613E-01 -8.57385E-03
   12644.376   1088.190  16.850  7.35354E-01  7.39521E-01 -5.63372E-03
   12650.806   1094.620  16.900  7.35751E-01  7.38429E-01 -3.62608E-03
   12657.254   1101.068  16.950  7.34570E-01  7.37338E-01 -3.75221E-03
   12663.722   1107.535  17.000  7.32983E-01  7.36246E-01 -4.43026E-03
   12670.208   1114.022  17.050  7.33316E-01  7.35177E-01 -2.53168E-03
   12676.714   1120.527  17.100  7.36860E-01  7.34109E-01  3.74681E-03
   12683.238   1127.052  17.150  7.42278E-01  7.33040E-01  1.25995E-02
   12689.782   1133.596  17.200  7.46034E-01  7.31971E-01  1.92084E-02
   12696.345   1140.158  17.250  7.44774E-01  7.30902E-01  1.89745E-02
   12702.926   1146.740  17.300  7.37906E-01  7.29834E-01  1.10576E-02
   12709.527   1153.341  17.350  7.28348E-01  7.28765E-01 -5.71806E-04
   12716.147   1159.961  17.400  7.20710E-01  7.27696E-01 -9.59778E-03
   12722.786   1166.600  17.450  7.18141E-01  7.26628E-01 -1.16764E-02
   12729.444   1173.258  17.500  7.20169E-01  7.25559E-01 -7.42705E-03
   12736.121   1179.935  17.550  7.23177E-01  7.24490E-01 -1.81204E-03
   12742.817   1186.631  17.600  7.23199E-01  7.23422E-01 -3.07429E-04
   12749.532   1193.346  17.650  7.18946E-01  7.22353E-01 -4.71556E-03
   12756.266   1200.080  17.700  7.12787E-01  7.21284E-01 -1.17777E-02
   12763.019   1206.833  17.750  7.08943E-01  7.20216E-01 -1.56476E-02
   12769.792   1213.605  17.800  7.10254E-01  7.19147E-01 -1.23627E-02
   12776.583   1220.397  17.850  7.15970E-01  7.18078E-01 -2.93510E-03
   12783.393   1227.207  17.900  7.22221E-01  7.17010E-01  7.26565E-03
   12790.223   1234.036  17.950  7.24789E-01  7.15941E-01  1.23547E-02
   12797.071   1240.885  18.000  7.22095E-01  7.14872E-01  1.00999E-02
   12803.939   1247.752  18.050  7.16156E-01  7.13776E-01  3.33391E-03
   12810.825   1254.639  18.100  7.10992E-01  7.12679E-01 -2.36645E-03
   12817.731   1261.544  18.150  7.09559E-01  7.11583E-01 -2.84223E-03
   12824.655   1268.469  18.200  7.11776E-01  7.10486E-01  1.81505E-03
   12831.599   1275.413  18.250  7.14904E-01  7.09389E-01  7.77125E-03
   12838.562   1282.376  18.300  7.15854E-01  7.08293E-01  1.06708E-02
   12845.544   1289.357  18.350  7.13501E-01  7.07196E-01  8.91055E-03
   12852.544   1296.358  18.400  7.09233E-01  7.06099E-01  4.43521E-03
   12859.564   1303.378  18.450  7.05449E-01  7.05003E-01  6.32112E-04
   12866.603   1310.417  18.500  7.03384E-01  7.03906E-01 -7.42018E-04
   12873.661   1317.475  18.550  7.02136E-01  7.02810E-01 -9.58082E-04
   12880.738   1324.552  18.600  6.99704E-01  7.01713E-01 -2.86079E-03
   12887.834   1331.648  18.650  6.95133E-01  7.00616E-01 -7.82142E-03
   12894.949   1338.763  18.700  6.89889E-01  6.99520E-01 -1.37594E-02
   12902.084   1345.897  18.750  6.87164E-01  6.98423E-01 -1.61092E-02
   12909.237   1353.051  18.800  6.89489E-01  6.97327E-01 -1.12312E-02
   12916.409   1360.223  18.850  6.96451E-01  6.96230E-01  3.17517E-04
   12923.601   1367.414  18.900  7.04405E-01  6.95133E-01  1.33286E-02
   12930.811   1374.625  18.950  7.08583E-01  6.94037E-01  2.09424E-02
   12938.040   1381.854  19.000  7.06193E-01  6.92940E-01  1.91103E-02
   12945.289   1389.103  19.050  6.98319E-01  6.91873E-01  9.30967E-03
   12952.556   1396.370  19.100  6.89158E-01  6.90805E-01 -2.38192E-03
   12959.843   1403.657  19.150  6.83215E-01  6.89738E-01 -9.44959E-03
   12967.149   1410.962  19.200  6.82387E-01  6.88670E-01 -9.11720E-03
   12974.473   1418.287  19.250  6.85017E-01  6.87603E-01 -3.75755E-03
   12981.817   1425.631  19.300  6.87434E-01  6.86535E-01  1.30787E-03
   12989.180   1432.994  19.350  6.86718E-01  6.85468E-01  1.82332E-03
   12996.562   1440.375  19.400  6.82652E-01  6.84400E-01 -2.55175E-03
   13003.963   1447.776  19.450  6.77535E-01  6.83333E-01 -8.47784E-03
   13011.383   1455.196  19.500  6.74224E-01  6.82265E-01 -1.17781E-02
   13018.822   1462.635  19.550  6.74013E-01  6.81198E-01 -1.05399E-02
   13026.280   1470.093  19.600  6.75945E-01  6.80130E-01 -6.14908E-03
   13033.757   1477.570  19.650  6.77902E-01  6.79063E-01 -1.70796E-03
   13041.253   1485.067  19.700  6.78439E-01  6.77995E-01  6.54990E-04
   13048.768   1492.582  19.750  6.77833E-01  6.76928E-01  1.33754E-03
   13056.302   1500.116  19.800  6.77558E-01  6.75860E-01  2.51095E-03
   13063.856   1507.669  19.850  6.78735E-01  6.74792E-01  5.83935E-03
   13071.428   1515.242  19.900  6.80920E-01  6.73725E-01  1.06732E-02
   13079.019   1522.833  19.950  6.82263E-01  6.72657E-01  1.42726E-02
   13086.630   1530.443  20.000  6.80936E-01  6.71590E-01  1.39093E-02
